 # Model name = Modern Earth(no ozone), Ramses CLIMA
 # Diameter: 12742                # Diameter of the planet [km]
 # Gravity: 9.81                  # Gravity at the surface of the atmosphere [m/s2]
 # Star-distance: 1               # Planet-star distance [au]
 # Star-type: Sun                 # Host-star type
 # Star-temperature: 5780         # Host-star temperature [K]
 # Wavelength-min: 0.2376            # Minimum wavelength [um]
 # Wavelength-max: inf           # Maximum wavelength [um]
 # Radiance-unit: Wsrm2um         # Radiation output unit
 # Surface-temperature: 285.3     # Surface temperature [K]
 # Surface-albedo: 0.32           # Surface albedo
 # Surface-emissivity: 1.0        # Surface emissivity
 # Opacity:corr.-k, BPS H2O cont. # corrk + continuum, other ?
 # Line opacities = H2O, CO2
 # CIA opacities = CO2-CO2, N2-N2, N2-CO2
 # Rayleigh opacities = N2, CO2, H2O
 # Outgoing longwave radiation (W/m^2) = 238.7
 # Absorbed stellar radiation (W/m^2) = 238.5
 # Atmosphere-description: Modern Earth
 # Atmosphere-columns: P T MMW Alt N2 CO2 H2O OTR ASR
 # Atmosphere-layers: 201
 #   P(Pa)     T(K)    MMW(g/mol)  Alt(km)     N2          CO2          H2O          OTR           ASR
 1.01440E+05  285.330  27.92145     0.000  9.91105E-01  4.00000E-04  8.49520E-03  8.57110E+01  1.74290E+02
 1.00270E+05  284.720  27.92396     0.099  9.91356E-01  4.00000E-04  8.24440E-03  9.04210E+01  1.76150E+02
 9.79610E+04  283.590  27.92860     0.299  9.91820E-01  4.00000E-04  7.77990E-03  9.46580E+01  1.77980E+02
 9.56720E+04  282.430  27.93261     0.501  9.92221E-01  4.00000E-04  7.37950E-03  9.83960E+01  1.79790E+02
 9.34040E+04  281.240  27.93626     0.705  9.92586E-01  4.00000E-04  7.01410E-03  1.01880E+02  1.81610E+02
 9.11580E+04  280.010  27.94026     0.911  9.92987E-01  4.00000E-04  6.61350E-03  1.05160E+02  1.83440E+02
 8.89360E+04  278.750  27.94466     1.119  9.93426E-01  4.00000E-04  6.17410E-03  1.08250E+02  1.85270E+02
 8.67370E+04  277.450  27.94857     1.329  9.93817E-01  4.00000E-04  5.78280E-03  1.11170E+02  1.87120E+02
 8.45640E+04  276.120  27.95201     1.541  9.94161E-01  4.00000E-04  5.43940E-03  1.14010E+02  1.89010E+02
 8.24160E+04  274.760  27.95577     1.754  9.94537E-01  4.00000E-04  5.06320E-03  1.16770E+02  1.90940E+02
 8.02950E+04  273.360  27.95990     1.970  9.94950E-01  4.00000E-04  4.64980E-03  1.19430E+02  1.92880E+02
 7.82010E+04  272.010  27.96377     2.187  9.95337E-01  4.00000E-04  4.26310E-03  1.22060E+02  1.94830E+02
 7.61360E+04  270.660  27.96729     2.406  9.95689E-01  4.00000E-04  3.91140E-03  1.24770E+02  1.96800E+02
 7.41000E+04  269.260  27.97067     2.626  9.96027E-01  4.00000E-04  3.57270E-03  1.27600E+02  1.98770E+02
 7.20930E+04  267.820  27.97392     2.849  9.96352E-01  4.00000E-04  3.24800E-03  1.30560E+02  2.00740E+02
 7.01150E+04  266.330  27.97702     3.072  9.96662E-01  4.00000E-04  2.93810E-03  1.33670E+02  2.02680E+02
 6.81690E+04  264.790  27.97996     3.298  9.96956E-01  4.00000E-04  2.64370E-03  1.36960E+02  2.04600E+02
 6.62540E+04  263.200  27.98274     3.524  9.97234E-01  4.00000E-04  2.36550E-03  1.40440E+02  2.06470E+02
 6.43700E+04  261.560  27.98536     3.753  9.97496E-01  4.00000E-04  2.10420E-03  1.44120E+02  2.08290E+02
 6.25180E+04  259.870  27.98780     3.982  9.97740E-01  4.00000E-04  1.86020E-03  1.47980E+02  2.10070E+02
 6.06980E+04  258.130  27.99006     4.213  9.97966E-01  4.00000E-04  1.63390E-03  1.52000E+02  2.11810E+02
 5.89110E+04  256.340  27.99214     4.444  9.98174E-01  4.00000E-04  1.42560E-03  1.56160E+02  2.13510E+02
 5.71560E+04  254.490  27.99405     4.677  9.98365E-01  4.00000E-04  1.23520E-03  1.60400E+02  2.15170E+02
 5.54350E+04  252.590  27.99577     4.911  9.98537E-01  4.00000E-04  1.06270E-03  1.64670E+02  2.16790E+02
 5.37470E+04  250.640  27.99732     5.145  9.98692E-01  4.00000E-04  9.07640E-04  1.68930E+02  2.18370E+02
 5.20920E+04  248.650  27.99870     5.380  9.98830E-01  4.00000E-04  7.69530E-04  1.73160E+02  2.19890E+02
 5.04700E+04  246.610  27.99992     5.616  9.98952E-01  4.00000E-04  6.47630E-04  1.77300E+02  2.21350E+02
 4.88820E+04  244.530  28.00099     5.853  9.99059E-01  4.00000E-04  5.41030E-04  1.81360E+02  2.22750E+02
 4.73280E+04  242.400  28.00191     6.090  9.99151E-01  4.00000E-04  4.48670E-04  1.85320E+02  2.24080E+02
 4.58070E+04  240.250  28.00271     6.328  9.99231E-01  4.00000E-04  3.69390E-04  1.89170E+02  2.25330E+02
 4.43200E+04  238.060  28.00338     6.566  9.99298E-01  4.00000E-04  3.01970E-04  1.92920E+02  2.26500E+02
 4.28660E+04  235.850  28.00395     6.804  9.99355E-01  4.00000E-04  2.45140E-04  1.96580E+02  2.27600E+02
 4.14450E+04  233.610  28.00442     7.042  9.99402E-01  4.00000E-04  1.97670E-04  2.00160E+02  2.28600E+02
 4.00580E+04  231.350  28.00482     7.281  9.99442E-01  4.00000E-04  1.58340E-04  2.03630E+02  2.29520E+02
 3.87030E+04  229.080  28.00514     7.520  9.99474E-01  4.00000E-04  1.26020E-04  2.06970E+02  2.30340E+02
 3.73820E+04  226.800  28.00540     7.759  9.99500E-01  4.00000E-04  9.96790E-05  2.10130E+02  2.31070E+02
 3.60930E+04  224.510  28.00562     7.997  9.99522E-01  4.00000E-04  7.83610E-05  2.13090E+02  2.31710E+02
 3.48360E+04  222.220  28.00579     8.236  9.99539E-01  4.00000E-04  6.12340E-05  2.15870E+02  2.32280E+02
 3.36110E+04  219.920  28.00592     8.475  9.99552E-01  4.00000E-04  4.75690E-05  2.18470E+02  2.32790E+02
 3.24190E+04  217.620  28.00603     8.713  9.99563E-01  4.00000E-04  3.67380E-05  2.20900E+02  2.33230E+02
 3.12570E+04  215.320  28.00612     8.951  9.99572E-01  4.00000E-04  2.82090E-05  2.23170E+02  2.33610E+02
 3.01270E+04  213.030  28.00619     9.189  9.99578E-01  4.00000E-04  2.15360E-05  2.25260E+02  2.33930E+02
 2.90280E+04  210.740  28.00624     9.427  9.99584E-01  4.00000E-04  1.63450E-05  2.27140E+02  2.34210E+02
 2.79590E+04  208.450  28.00628     9.664  9.99588E-01  4.00000E-04  1.23330E-05  2.28820E+02  2.34440E+02
 2.69200E+04  206.170  28.00631     9.901  9.99591E-01  4.00000E-04  9.25100E-06  2.30300E+02  2.34640E+02
 2.59110E+04  203.900  28.00633    10.137  9.99593E-01  4.00000E-04  6.89730E-06  2.31570E+02  2.34800E+02
 2.49310E+04  201.630  28.00635    10.373  9.99595E-01  4.00000E-04  5.11090E-06  2.32650E+02  2.34940E+02
 2.39800E+04  199.370  28.00636    10.608  9.99596E-01  4.00000E-04  3.76340E-06  2.33530E+02  2.35050E+02
 2.30570E+04  197.110  28.00637    10.843  9.99597E-01  4.00000E-04  2.75350E-06  2.34230E+02  2.35150E+02
 2.21610E+04  194.870  28.00638    11.078  9.99598E-01  4.00000E-04  2.00140E-06  2.34780E+02  2.35240E+02
 2.12940E+04  192.630  28.00639    11.311  9.99599E-01  4.00000E-04  1.44490E-06  2.35180E+02  2.35310E+02
 2.04530E+04  190.400  28.00639    11.544  9.99599E-01  4.00000E-04  1.03590E-06  2.35470E+02  2.35380E+02
 1.96380E+04  188.170  28.00639    11.776  9.99599E-01  4.00000E-04  7.37480E-07  2.35660E+02  2.35430E+02
 1.88490E+04  185.960  28.00639    12.008  9.99599E-01  4.00000E-04  5.21210E-07  2.35750E+02  2.35480E+02
 1.80860E+04  184.540  28.00640    12.239  9.99600E-01  4.00000E-04  4.21420E-07  2.35790E+02  2.35530E+02
 1.73480E+04  183.340  28.00640    12.471  9.99600E-01  4.00000E-04  3.53730E-07  2.35840E+02  2.35580E+02
 1.66340E+04  182.370  28.00640    12.703  9.99600E-01  4.00000E-04  3.08320E-07  2.35880E+02  2.35620E+02
 1.59440E+04  181.480  28.00640    12.935  9.99600E-01  4.00000E-04  2.72770E-07  2.35930E+02  2.35660E+02
 1.52770E+04  180.720  28.00640    13.169  9.99600E-01  4.00000E-04  2.47230E-07  2.35970E+02  2.35700E+02
 1.46330E+04  180.010  28.00640    13.404  9.99600E-01  4.00000E-04  2.25800E-07  2.36010E+02  2.35740E+02
 1.40110E+04  179.410  28.00640    13.639  9.99600E-01  4.00000E-04  2.10160E-07  2.36050E+02  2.35780E+02
 1.34110E+04  178.820  28.00640    13.876  9.99600E-01  4.00000E-04  1.96380E-07  2.36080E+02  2.35820E+02
 1.28330E+04  178.320  28.00640    14.114  9.99600E-01  4.00000E-04  1.86460E-07  2.36120E+02  2.35860E+02
 1.22750E+04  177.830  28.00640    14.353  9.99600E-01  4.00000E-04  1.77250E-07  2.36160E+02  2.35900E+02
 1.17370E+04  177.410  28.00640    14.594  9.99600E-01  4.00000E-04  1.70800E-07  2.36210E+02  2.35940E+02
 1.12190E+04  176.980  28.00640    14.835  9.99600E-01  4.00000E-04  1.64300E-07  2.36250E+02  2.35980E+02
 1.07200E+04  176.610  28.00640    15.078  9.99600E-01  4.00000E-04  1.59870E-07  2.36300E+02  2.36030E+02
 1.02390E+04  176.210  28.00640    15.323  9.99600E-01  4.00000E-04  1.54770E-07  2.36350E+02  2.36080E+02
 9.77730E+03  175.870  28.00640    15.569  9.99600E-01  4.00000E-04  1.51370E-07  2.36400E+02  2.36130E+02
 9.33270E+03  175.480  28.00640    15.816  9.99600E-01  4.00000E-04  1.46880E-07  2.36460E+02  2.36180E+02
 8.90520E+03  175.140  28.00640    16.064  9.99600E-01  4.00000E-04  1.43750E-07  2.36510E+02  2.36240E+02
 8.49440E+03  174.740  28.00640    16.314  9.99600E-01  4.00000E-04  1.39100E-07  2.36570E+02  2.36300E+02
 8.09970E+03  174.380  28.00640    16.565  9.99600E-01  4.00000E-04  1.35670E-07  2.36630E+02  2.36360E+02
 7.72070E+03  173.950  28.00640    16.817  9.99600E-01  4.00000E-04  1.30470E-07  2.36700E+02  2.36420E+02
 7.35690E+03  173.560  28.00640    17.071  9.99600E-01  4.00000E-04  1.26530E-07  2.36760E+02  2.36490E+02
 7.00780E+03  173.090  28.00640    17.326  9.99600E-01  4.00000E-04  1.20730E-07  2.36830E+02  2.36550E+02
 6.67290E+03  172.670  28.00640    17.582  9.99600E-01  4.00000E-04  1.16320E-07  2.36890E+02  2.36620E+02
 6.35180E+03  172.160  28.00640    17.839  9.99600E-01  4.00000E-04  1.10100E-07  2.36960E+02  2.36680E+02
 6.04410E+03  171.720  28.00640    18.097  9.99600E-01  4.00000E-04  1.05420E-07  2.37020E+02  2.36740E+02
 5.74930E+03  171.180  28.00640    18.357  9.99600E-01  4.00000E-04  9.90810E-08  2.37080E+02  2.36810E+02
 5.46700E+03  170.710  28.00640    18.617  9.99600E-01  4.00000E-04  9.43790E-08  2.37140E+02  2.36870E+02
 5.19670E+03  170.150  28.00640    18.878  9.99600E-01  4.00000E-04  8.82070E-08  2.37200E+02  2.36920E+02
 4.93810E+03  169.660  28.00640    19.141  9.99600E-01  4.00000E-04  8.36820E-08  2.37260E+02  2.36980E+02
 4.69070E+03  169.080  28.00640    19.404  9.99600E-01  4.00000E-04  7.79140E-08  2.37310E+02  2.37030E+02
 4.45420E+03  168.580  28.00640    19.669  9.99600E-01  4.00000E-04  7.36970E-08  2.37360E+02  2.37080E+02
 4.22820E+03  168.010  28.00640    19.934  9.99600E-01  4.00000E-04  6.84980E-08  2.37410E+02  2.37130E+02
 4.01220E+03  167.500  28.00640    20.200  9.99600E-01  4.00000E-04  6.46650E-08  2.37460E+02  2.37180E+02
 3.80590E+03  166.930  28.00640    20.467  9.99600E-01  4.00000E-04  6.01310E-08  2.37500E+02  2.37220E+02
 3.60900E+03  166.420  28.00640    20.735  9.99600E-01  4.00000E-04  5.67300E-08  2.37540E+02  2.37260E+02
 3.42110E+03  165.870  28.00640    21.004  9.99600E-01  4.00000E-04  5.29050E-08  2.37580E+02  2.37290E+02
 3.24180E+03  165.370  28.00640    21.274  9.99600E-01  4.00000E-04  4.99700E-08  2.37610E+02  2.37330E+02
 3.07090E+03  164.850  28.00640    21.545  9.99600E-01  4.00000E-04  4.68500E-08  2.37640E+02  2.37360E+02
 2.90800E+03  164.370  28.00640    21.817  9.99600E-01  4.00000E-04  4.43980E-08  2.37670E+02  2.37390E+02
 2.75270E+03  163.880  28.00640    22.090  9.99600E-01  4.00000E-04  4.19280E-08  2.37700E+02  2.37420E+02
 2.60490E+03  163.410  28.00640    22.363  9.99600E-01  4.00000E-04  3.98510E-08  2.37730E+02  2.37450E+02
 2.46410E+03  162.780  28.00640    22.638  9.99600E-01  4.00000E-04  3.63910E-08  2.37750E+02  2.37470E+02
 2.33010E+03  162.450  28.00640    22.913  9.99600E-01  4.00000E-04  3.56870E-08  2.37770E+02  2.37490E+02
 2.20270E+03  162.200  28.00640    23.190  9.99600E-01  4.00000E-04  3.56440E-08  2.37790E+02  2.37510E+02
 2.08150E+03  161.970  28.00640    23.468  9.99600E-01  4.00000E-04  3.56340E-08  2.37810E+02  2.37530E+02
 1.96630E+03  161.760  28.00640    23.747  9.99600E-01  4.00000E-04  3.56340E-08  2.37830E+02  2.37550E+02
 1.85680E+03  161.610  28.00640    24.028  9.99600E-01  4.00000E-04  3.56340E-08  2.37850E+02  2.37570E+02
 1.75280E+03  161.540  28.00640    24.310  9.99600E-01  4.00000E-04  3.56340E-08  2.37870E+02  2.37590E+02
 1.65410E+03  161.560  28.00640    24.594  9.99600E-01  4.00000E-04  3.56340E-08  2.37890E+02  2.37610E+02
 1.56030E+03  161.690  28.00640    24.880  9.99600E-01  4.00000E-04  3.56340E-08  2.37900E+02  2.37620E+02
 1.47140E+03  161.930  28.00640    25.167  9.99600E-01  4.00000E-04  3.56340E-08  2.37920E+02  2.37640E+02
 1.38710E+03  162.300  28.00640    25.457  9.99600E-01  4.00000E-04  3.56340E-08  2.37940E+02  2.37660E+02
 1.30710E+03  162.780  28.00640    25.750  9.99600E-01  4.00000E-04  3.56340E-08  2.37970E+02  2.37680E+02
 1.23140E+03  163.380  28.00640    26.045  9.99600E-01  4.00000E-04  3.56340E-08  2.37990E+02  2.37700E+02
 1.15960E+03  164.080  28.00640    26.344  9.99600E-01  4.00000E-04  3.56340E-08  2.38010E+02  2.37730E+02
 1.09160E+03  164.870  28.00640    26.645  9.99600E-01  4.00000E-04  3.56340E-08  2.38040E+02  2.37750E+02
 1.02720E+03  165.710  28.00640    26.950  9.99600E-01  4.00000E-04  3.56340E-08  2.38060E+02  2.37780E+02
 9.66360E+02  166.600  28.00640    27.258  9.99600E-01  4.00000E-04  3.56340E-08  2.38090E+02  2.37800E+02
 9.08760E+02  167.500  28.00640    27.569  9.99600E-01  4.00000E-04  3.56340E-08  2.38120E+02  2.37830E+02
 8.54300E+02  168.400  28.00640    27.884  9.99600E-01  4.00000E-04  3.56340E-08  2.38150E+02  2.37860E+02
 8.02830E+02  169.260  28.00640    28.202  9.99600E-01  4.00000E-04  3.56340E-08  2.38180E+02  2.37890E+02
 7.54190E+02  170.080  28.00640    28.524  9.99600E-01  4.00000E-04  3.56340E-08  2.38200E+02  2.37920E+02
 7.08260E+02  170.830  28.00640    28.849  9.99600E-01  4.00000E-04  3.56340E-08  2.38230E+02  2.37950E+02
 6.64890E+02  171.510  28.00640    29.177  9.99600E-01  4.00000E-04  3.56340E-08  2.38260E+02  2.37970E+02
 6.23960E+02  172.120  28.00640    29.509  9.99600E-01  4.00000E-04  3.56340E-08  2.38280E+02  2.38000E+02
 5.85350E+02  172.640  28.00640    29.843  9.99600E-01  4.00000E-04  3.56340E-08  2.38310E+02  2.38030E+02
 5.48940E+02  173.080  28.00640    30.180  9.99600E-01  4.00000E-04  3.56340E-08  2.38330E+02  2.38050E+02
 5.14610E+02  173.440  28.00640    30.520  9.99600E-01  4.00000E-04  3.56340E-08  2.38360E+02  2.38070E+02
 4.82260E+02  173.740  28.00640    30.862  9.99600E-01  4.00000E-04  3.56340E-08  2.38380E+02  2.38100E+02
 4.51790E+02  173.970  28.00640    31.207  9.99600E-01  4.00000E-04  3.56340E-08  2.38400E+02  2.38120E+02
 4.23100E+02  174.150  28.00640    31.554  9.99600E-01  4.00000E-04  3.56340E-08  2.38420E+02  2.38140E+02
 3.96090E+02  174.290  28.00640    31.903  9.99600E-01  4.00000E-04  3.56340E-08  2.38440E+02  2.38150E+02
 3.70680E+02  174.400  28.00640    32.254  9.99600E-01  4.00000E-04  3.56340E-08  2.38450E+02  2.38170E+02
 3.46780E+02  174.480  28.00640    32.607  9.99600E-01  4.00000E-04  3.56340E-08  2.38470E+02  2.38190E+02
 3.24310E+02  174.550  28.00640    32.963  9.99600E-01  4.00000E-04  3.56340E-08  2.38490E+02  2.38200E+02
 3.03180E+02  174.610  28.00640    33.320  9.99600E-01  4.00000E-04  3.56340E-08  2.38500E+02  2.38220E+02
 2.83340E+02  174.660  28.00640    33.679  9.99600E-01  4.00000E-04  3.56340E-08  2.38510E+02  2.38230E+02
 2.64700E+02  174.710  28.00640    34.041  9.99600E-01  4.00000E-04  3.56340E-08  2.38520E+02  2.38240E+02
 2.47200E+02  174.780  28.00640    34.404  9.99600E-01  4.00000E-04  3.56340E-08  2.38540E+02  2.38250E+02
 2.30780E+02  174.840  28.00640    34.769  9.99600E-01  4.00000E-04  3.56340E-08  2.38550E+02  2.38260E+02
 2.15380E+02  174.920  28.00640    35.137  9.99600E-01  4.00000E-04  3.56340E-08  2.38560E+02  2.38270E+02
 2.00930E+02  175.020  28.00640    35.506  9.99600E-01  4.00000E-04  3.56340E-08  2.38570E+02  2.38280E+02
 1.87390E+02  175.120  28.00640    35.878  9.99600E-01  4.00000E-04  3.56340E-08  2.38580E+02  2.38290E+02
 1.74700E+02  175.230  28.00640    36.251  9.99600E-01  4.00000E-04  3.56340E-08  2.38580E+02  2.38300E+02
 1.62810E+02  175.350  28.00640    36.627  9.99600E-01  4.00000E-04  3.56340E-08  2.38590E+02  2.38310E+02
 1.51680E+02  175.480  28.00640    37.005  9.99600E-01  4.00000E-04  3.56340E-08  2.38600E+02  2.38320E+02
 1.41260E+02  175.590  28.00640    37.385  9.99600E-01  4.00000E-04  3.56340E-08  2.38610E+02  2.38320E+02
 1.31510E+02  175.700  28.00640    37.768  9.99600E-01  4.00000E-04  3.56340E-08  2.38610E+02  2.38330E+02
 1.22390E+02  175.800  28.00640    38.152  9.99600E-01  4.00000E-04  3.56340E-08  2.38620E+02  2.38340E+02
 1.13870E+02  175.870  28.00640    38.539  9.99600E-01  4.00000E-04  3.56340E-08  2.38630E+02  2.38350E+02
 1.05900E+02  175.920  28.00640    38.927  9.99600E-01  4.00000E-04  3.56340E-08  2.38630E+02  2.38350E+02
 9.84550E+01  175.940  28.00640    39.318  9.99600E-01  4.00000E-04  3.56340E-08  2.38640E+02  2.38360E+02
 9.15020E+01  175.930  28.00640    39.710  9.99600E-01  4.00000E-04  3.56340E-08  2.38650E+02  2.38360E+02
 8.50100E+01  175.880  28.00640    40.104  9.99600E-01  4.00000E-04  3.56340E-08  2.38650E+02  2.38370E+02
 7.89510E+01  175.790  28.00640    40.500  9.99600E-01  4.00000E-04  3.56340E-08  2.38660E+02  2.38370E+02
 7.32990E+01  175.660  28.00640    40.898  9.99600E-01  4.00000E-04  3.56340E-08  2.38660E+02  2.38380E+02
 6.80270E+01  175.480  28.00640    41.297  9.99600E-01  4.00000E-04  3.56340E-08  2.38670E+02  2.38380E+02
 6.31130E+01  175.260  28.00640    41.698  9.99600E-01  4.00000E-04  3.56340E-08  2.38670E+02  2.38390E+02
 5.85340E+01  175.000  28.00640    42.100  9.99600E-01  4.00000E-04  3.56340E-08  2.38670E+02  2.38390E+02
 5.42680E+01  174.710  28.00640    42.503  9.99600E-01  4.00000E-04  3.56340E-08  2.38680E+02  2.38390E+02
 5.02950E+01  174.380  28.00640    42.908  9.99600E-01  4.00000E-04  3.56340E-08  2.38680E+02  2.38400E+02
 4.65980E+01  174.020  28.00640    43.313  9.99600E-01  4.00000E-04  3.56340E-08  2.38680E+02  2.38400E+02
 4.31570E+01  173.650  28.00640    43.720  9.99600E-01  4.00000E-04  3.56340E-08  2.38690E+02  2.38400E+02
 3.99560E+01  173.260  28.00640    44.128  9.99600E-01  4.00000E-04  3.56340E-08  2.38690E+02  2.38410E+02
 3.69800E+01  172.870  28.00640    44.536  9.99600E-01  4.00000E-04  3.56340E-08  2.38690E+02  2.38410E+02
 3.42130E+01  172.480  28.00640    44.946  9.99600E-01  4.00000E-04  3.56340E-08  2.38690E+02  2.38410E+02
 3.16430E+01  172.090  28.00640    45.356  9.99600E-01  4.00000E-04  3.56340E-08  2.38690E+02  2.38410E+02
 2.92550E+01  171.710  28.00640    45.768  9.99600E-01  4.00000E-04  3.56340E-08  2.38700E+02  2.38410E+02
 2.70390E+01  171.360  28.00640    46.180  9.99600E-01  4.00000E-04  3.56340E-08  2.38700E+02  2.38410E+02
 2.49810E+01  171.020  28.00640    46.593  9.99600E-01  4.00000E-04  3.56340E-08  2.38700E+02  2.38420E+02
 2.30730E+01  170.720  28.00640    47.008  9.99600E-01  4.00000E-04  3.56340E-08  2.38700E+02  2.38420E+02
 2.13020E+01  170.440  28.00640    47.424  9.99600E-01  4.00000E-04  3.56340E-08  2.38700E+02  2.38420E+02
 1.96610E+01  170.200  28.00640    47.841  9.99600E-01  4.00000E-04  3.56340E-08  2.38700E+02  2.38420E+02
 1.81400E+01  170.000  28.00640    48.259  9.99600E-01  4.00000E-04  3.56340E-08  2.38700E+02  2.38420E+02
 1.67300E+01  169.850  28.00640    48.679  9.99600E-01  4.00000E-04  3.56340E-08  2.38700E+02  2.38420E+02
 1.54250E+01  169.750  28.00640    49.100  9.99600E-01  4.00000E-04  3.56340E-08  2.38700E+02  2.38420E+02
 1.42170E+01  169.710  28.00640    49.523  9.99600E-01  4.00000E-04  3.56340E-08  2.38710E+02  2.38420E+02
 1.30990E+01  169.730  28.00640    49.948  9.99600E-01  4.00000E-04  3.56340E-08  2.38710E+02  2.38420E+02
 1.20640E+01  169.830  28.00640    50.374  9.99600E-01  4.00000E-04  3.56340E-08  2.38710E+02  2.38420E+02
 1.11080E+01  170.000  28.00640    50.803  9.99600E-01  4.00000E-04  3.56340E-08  2.38710E+02  2.38430E+02
 1.02230E+01  170.260  28.00640    51.235  9.99600E-01  4.00000E-04  3.56340E-08  2.38710E+02  2.38430E+02
 9.40630E+00  170.610  28.00640    51.669  9.99600E-01  4.00000E-04  3.56340E-08  2.38710E+02  2.38430E+02
 8.65150E+00  171.050  28.00640    52.105  9.99600E-01  4.00000E-04  3.56340E-08  2.38710E+02  2.38430E+02
 7.95450E+00  171.580  28.00640    52.545  9.99600E-01  4.00000E-04  3.56340E-08  2.38710E+02  2.38430E+02
 7.31110E+00  172.190  28.00640    52.989  9.99600E-01  4.00000E-04  3.56340E-08  2.38710E+02  2.38430E+02
 6.71740E+00  172.880  28.00640    53.436  9.99600E-01  4.00000E-04  3.56340E-08  2.38710E+02  2.38430E+02
 6.16980E+00  173.640  28.00640    53.886  9.99600E-01  4.00000E-04  3.56340E-08  2.38710E+02  2.38430E+02
 5.66490E+00  174.480  28.00640    54.341  9.99600E-01  4.00000E-04  3.56340E-08  2.38710E+02  2.38430E+02
 5.19940E+00  175.380  28.00640    54.800  9.99600E-01  4.00000E-04  3.56340E-08  2.38710E+02  2.38430E+02
 4.77060E+00  176.350  28.00640    55.263  9.99600E-01  4.00000E-04  3.56340E-08  2.38720E+02  2.38430E+02
 4.37560E+00  177.360  28.00640    55.731  9.99600E-01  4.00000E-04  3.56340E-08  2.38720E+02  2.38430E+02
 4.01190E+00  178.430  28.00640    56.203  9.99600E-01  4.00000E-04  3.56340E-08  2.38720E+02  2.38430E+02
 3.67720E+00  179.560  28.00640    56.681  9.99600E-01  4.00000E-04  3.56340E-08  2.38720E+02  2.38440E+02
 3.36920E+00  180.760  28.00640    57.163  9.99600E-01  4.00000E-04  3.56340E-08  2.38720E+02  2.38440E+02
 3.08600E+00  182.010  28.00640    57.651  9.99600E-01  4.00000E-04  3.56340E-08  2.38720E+02  2.38440E+02
 2.82560E+00  183.340  28.00640    58.144  9.99600E-01  4.00000E-04  3.56340E-08  2.38720E+02  2.38440E+02
 2.58630E+00  184.720  28.00640    58.643  9.99600E-01  4.00000E-04  3.56340E-08  2.38720E+02  2.38440E+02
 2.36640E+00  186.100  28.00640    59.148  9.99600E-01  4.00000E-04  3.56340E-08  2.38720E+02  2.38440E+02
 2.16440E+00  187.530  28.00640    59.659  9.99600E-01  4.00000E-04  3.56340E-08  2.38730E+02  2.38440E+02
 1.97900E+00  188.950  28.00640    60.175  9.99600E-01  4.00000E-04  3.56340E-08  2.38730E+02  2.38440E+02
 1.80890E+00  190.460  28.00640    60.698  9.99600E-01  4.00000E-04  3.56340E-08  2.38730E+02  2.38450E+02
 1.65280E+00  191.980  28.00640    61.227  9.99600E-01  4.00000E-04  3.56340E-08  2.38730E+02  2.38450E+02
 1.50970E+00  193.420  28.00640    61.762  9.99600E-01  4.00000E-04  3.56340E-08  2.38730E+02  2.38450E+02
 1.37840E+00  194.660  28.00640    62.303  9.99600E-01  4.00000E-04  3.56340E-08  2.38730E+02  2.38450E+02
 1.25820E+00  195.920  28.00640    62.850  9.99600E-01  4.00000E-04  3.56340E-08  2.38730E+02  2.38450E+02
 1.14800E+00  197.090  28.00640    63.403  9.99600E-01  4.00000E-04  3.56340E-08  2.38740E+02  2.38450E+02
 1.04720E+00  198.620  28.00640    63.961  9.99600E-01  4.00000E-04  3.56340E-08  2.38740E+02  2.38450E+02
