# Model name = EOS
# Diameter: 12742                # Diameter of the planet [km]
# Gravity: 9.81                  # Gravity at the surface of the atmosphere [m/s2]
# Star-distance: 1               # Planet-star distance [au]
# Star-type: Sun                 # Host-star type
# Star-temperature: 5777         # Host-star temperature [K]
# Wavelength-min: 0.29           # Minimum wavelength [um]
# Wavelength-max: 200.0          # Maximum wavelength [um]
# Radiance-unit: W/m^2           # Radiation output unit
# Surface-temperature: 288       # Surface temperature [K]
# Surface-albedo: 0.32           # Surface albedo
# Surface-emissivity: 0.9        # Surface emissivity
# Opacity: corrk + continuum     # corrk + continuum, other ? 
# Line opacities = H2O, CO2, N2
# CIA opacities = H2O-H2O, H2O-Air, CO2-CO2
# Rayleigh opacities = N2, CO2, H2O
# Outgoing longwave radiation (W/m^2) = 231
# Absorbed stellar radiation (W/m^2) = 240
# Atmosphere-description: Modern Earth
# Atmosphere-columns: P T MMW Alt N2 CO2 H2O OTR ASR
# Atmosphere-layers: 51
#  i        p [Pa]      T [K]        H2O1 vmr    ASR_lay    OLR_lay  OLR_lay(eps)      F_rad     F_conv
#-------------------------------------------------------------------------------------------------------
   0    1.0170e+05    288.000    1.657990e-02    175.124     68.252        90.333    106.872      0.000
   1    8.0940e+04    278.289    1.086614e-02    191.075    120.733       135.260     70.342      0.000
   2    6.4419e+04    268.113    6.206369e-03    204.905    143.340       156.618     61.565      0.000
   3    5.1269e+04    256.908    2.868075e-03    217.220    173.016       185.968     44.204      0.000
   4    4.0804e+04    244.009    1.016986e-03    226.640    195.969       208.867     30.670      0.000
   5    3.2475e+04    230.036    2.767949e-04    232.632    213.373       226.254     19.259      0.000
   6    2.5846e+04    215.972    6.086585e-05    235.370    223.887       236.762     11.483      0.000
   7    2.0570e+04    204.516    1.433523e-05    236.248    225.949       238.822     10.298      0.000
   8    1.6371e+04    200.000    7.798750e-06    236.612    225.111       237.983     11.500      0.000
   9    1.3030e+04    200.000    8.008932e-06    236.938    226.235       239.106     10.703      0.000
  10    1.0370e+04    200.000    8.224782e-06    237.226    227.468       240.339      9.759      0.000
  11    8.2531e+03    200.000    8.259644e-06    237.477    228.686       241.557      8.790      0.000
  12    6.5684e+03    200.000    8.259644e-06    237.698    229.915       242.786      7.783      0.000
  13    5.2277e+03    200.000    8.259644e-06    237.887    231.092       243.962      6.796      0.000
  14    4.1606e+03    200.000    8.259644e-06    238.041    232.123       244.994      5.918      0.000
  15    3.3113e+03    200.000    8.259644e-06    238.174    233.089       245.960      5.085      0.000
  16    2.6354e+03    200.000    8.259644e-06    238.288    233.955       246.826      4.334      0.000
  17    2.0974e+03    200.000    8.259644e-06    238.384    234.680       247.551      3.703      0.000
  18    1.6693e+03    200.000    8.259644e-06    238.466    235.293       248.164      3.173      0.000
  19    1.3286e+03    200.000    8.259644e-06    238.541    235.820       248.691      2.720      0.000
  20    1.0574e+03    200.000    8.259644e-06    238.606    236.251       249.122      2.355      0.000
  21    8.4153e+02    200.000    8.259644e-06    238.662    236.592       249.462      2.070      0.000
  22    6.6975e+02    200.000    8.259644e-06    238.712    236.880       249.751      1.831      0.000
  23    5.3304e+02    200.000    8.259644e-06    238.754    237.116       249.986      1.638      0.000
  24    4.2423e+02    200.000    8.259644e-06    238.788    237.297       250.168      1.492      0.000
  25    3.3764e+02    200.000    8.259644e-06    238.818    237.448       250.318      1.370      0.000
  26    2.6872e+02    200.000    8.259644e-06    238.842    237.573       250.444      1.269      0.000
  27    2.1387e+02    200.000    8.259644e-06    238.862    237.676       250.546      1.187      0.000
  28    1.7021e+02    200.000    8.259644e-06    238.878    237.760       250.630      1.118      0.000
  29    1.3547e+02    200.000    8.259644e-06    238.891    237.831       250.701      1.061      0.000
  30    1.0781e+02    200.000    8.259644e-06    238.903    237.887       250.758      1.015      0.000
  31    8.5807e+01    200.000    8.259644e-06    238.911    237.930       250.800      0.981      0.000
  32    6.8291e+01    200.000    8.259644e-06    238.919    237.965       250.835      0.954      0.000
  33    5.4351e+01    200.000    8.259644e-06    238.925    237.992       250.862      0.932      0.000
  34    4.3257e+01    200.000    8.259644e-06    238.929    238.014       250.884      0.915      0.000
  35    3.4427e+01    200.000    8.259644e-06    238.933    238.033       250.903      0.900      0.000
  36    2.7400e+01    200.000    8.259644e-06    238.936    238.049       250.920      0.887      0.000
  37    2.1807e+01    200.000    8.259644e-06    238.939    238.063       250.934      0.876      0.000
  38    1.7356e+01    200.000    8.259644e-06    238.941    238.074       250.945      0.867      0.000
  39    1.3813e+01    200.000    8.259644e-06    238.943    238.083       250.954      0.860      0.000
  40    1.0993e+01    200.000    8.259644e-06    238.945    238.090       250.961      0.854      0.000
  41    8.7493e+00    200.000    8.259644e-06    238.946    238.095       250.966      0.851      0.000
  42    6.9633e+00    200.000    8.259644e-06    238.947    238.100       250.971      0.848      0.000
  43    5.5419e+00    200.000    8.259644e-06    238.949    238.103       250.974      0.846      0.000
  44    4.4107e+00    200.000    8.259644e-06    238.950    238.105       250.976      0.844      0.000
  45    3.5104e+00    200.000    8.259644e-06    238.951    238.107       250.978      0.843      0.000
  46    2.7938e+00    200.000    8.259644e-06    238.952    238.109       250.980      0.843      0.000
  47    2.2235e+00    200.000    8.259644e-06    238.953    238.110       250.981      0.843      0.000
  48    1.7697e+00    200.000    8.259644e-06    238.954    238.111       250.982      0.843      0.000
  49    1.4084e+00    200.000    8.259644e-06    238.955    238.113       250.984      0.842      0.000
  50    1.1209e+00    200.000    8.259644e-06    238.956    238.116       250.987      0.840      0.000
  51    8.9212e-01    200.000    8.259644e-06    238.958    238.124       250.995      0.834      0.000
