 # Model name = TRAPPIST-1g(no ozone), Ramses CLIMA
 # Diameter: 14408                # Diameter of the planet [km]
 # Gravity: 10.15                  # Gravity at the surface of the atmosphere [m/s2]
 # Star-distance: 0.04683 AU              # Planet-star distance [au]
 # Star-type: TRAPPIST-1                 # Host-star type
 # Star-temperature: ~2566         # Host-star temperature [K]
 # Wavelength-min: 0.2376            # Minimum wavelength [um]
 # Wavelength-max: inf           # Maximum wavelength [um]
 # Radiance-unit: Wsrm2um         # Radiation output unit
 # Surface-temperature: 240       # Surface temperature [K]
 # Surface-albedo: 0.2           # Surface albedo
 # Surface-emissivity: 1.0        # Surface emissivity
 # Opacity:corr.-k, BPS H2O cont. # corrk + continuum, other ?
 # Line opacities = H2O, CO2
 # CIA opacities = CO2-CO2, N2-N2, N2-CO2
 # Rayleigh opacities = N2, CO2, H2O
 # Outgoing longwave radiation (W/m^2) = 78.20
 # Absorbed stellar radiation (W/m^2) = 78.34
 # Atmosphere-description: Trappist-1g
 # Atmosphere-columns: P T MMW Alt N2 CO2 H2O OTR ASR
 # Atmosphere-layers: 201
 #   P (Pa)    T (K)   MMW (g/mol) Alt (km)    N2          CO2          H2O          OTR           ASR
 6.00530E+05  271.530  40.16711     0.000  2.38111E-01  7.61000E-01  8.88520E-04  2.87260E+00  2.57960E+01
 5.92570E+05  270.720  40.16758     0.073  2.38158E-01  7.61000E-01  8.41610E-04  4.32830E+00  2.68190E+01
 5.76850E+05  269.080  40.16846     0.220  2.38247E-01  7.61000E-01  7.53480E-04  5.48460E+00  2.78410E+01
 5.61320E+05  267.420  40.16928     0.369  2.38328E-01  7.61000E-01  6.72030E-04  6.24030E+00  2.88650E+01
 5.45990E+05  265.730  40.17002     0.519  2.38403E-01  7.61000E-01  5.97070E-04  6.88930E+00  2.98940E+01
 5.30860E+05  264.010  40.17071     0.669  2.38472E-01  7.61000E-01  5.28390E-04  7.48700E+00  3.09300E+01
 5.15950E+05  262.260  40.17134     0.821  2.38534E-01  7.61000E-01  4.65770E-04  8.06030E+00  3.19740E+01
 5.01260E+05  260.490  40.17191     0.974  2.38591E-01  7.61000E-01  4.08910E-04  8.62500E+00  3.30230E+01
 4.86790E+05  258.690  40.17242     1.129  2.38642E-01  7.61000E-01  3.57530E-04  9.19150E+00  3.40740E+01
 4.72540E+05  256.870  40.17289     1.284  2.38689E-01  7.61000E-01  3.11320E-04  9.76740E+00  3.51220E+01
 4.58540E+05  255.030  40.17330     1.440  2.38730E-01  7.61000E-01  2.69940E-04  1.03600E+01  3.61580E+01
 4.44760E+05  253.160  40.17367     1.597  2.38767E-01  7.61000E-01  2.33070E-04  1.09770E+01  3.71780E+01
 4.31230E+05  251.270  40.17399     1.755  2.38800E-01  7.61000E-01  2.00370E-04  1.16300E+01  3.81750E+01
 4.17950E+05  249.360  40.17428     1.914  2.38829E-01  7.61000E-01  1.71500E-04  1.23350E+01  3.91490E+01
 4.04910E+05  247.430  40.17454     2.074  2.38854E-01  7.61000E-01  1.46140E-04  1.31100E+01  4.00990E+01
 3.92120E+05  245.480  40.17476     2.234  2.38876E-01  7.61000E-01  1.23980E-04  1.39750E+01  4.10290E+01
 3.79580E+05  243.520  40.17495     2.395  2.38895E-01  7.61000E-01  1.04690E-04  1.49480E+01  4.19430E+01
 3.67300E+05  241.540  40.17512     2.557  2.38912E-01  7.61000E-01  8.80020E-05  1.60450E+01  4.28450E+01
 3.55270E+05  239.540  40.17526     2.719  2.38926E-01  7.61000E-01  7.36230E-05  1.72770E+01  4.37390E+01
 3.43490E+05  237.530  40.17538     2.882  2.38939E-01  7.61000E-01  6.13000E-05  1.86460E+01  4.46250E+01
 3.31980E+05  235.500  40.17549     3.046  2.38949E-01  7.61000E-01  5.07930E-05  2.01510E+01  4.54980E+01
 3.20720E+05  233.460  40.17558     3.210  2.38958E-01  7.61000E-01  4.18790E-05  2.17840E+01  4.63510E+01
 3.09720E+05  231.410  40.17566     3.375  2.38966E-01  7.61000E-01  3.43560E-05  2.35420E+01  4.71780E+01
 2.98980E+05  229.350  40.17572     3.539  2.38972E-01  7.61000E-01  2.80410E-05  2.54190E+01  4.79720E+01
 2.88490E+05  227.270  40.17577     3.705  2.38977E-01  7.61000E-01  2.27680E-05  2.74090E+01  4.87280E+01
 2.78270E+05  225.190  40.17582     3.871  2.38982E-01  7.61000E-01  1.83880E-05  2.94940E+01  4.94420E+01
 2.68290E+05  223.100  40.17585     4.036  2.38985E-01  7.61000E-01  1.47710E-05  3.16430E+01  5.01140E+01
 2.58570E+05  220.990  40.17588     4.203  2.38988E-01  7.61000E-01  1.17990E-05  3.38130E+01  5.07440E+01
 2.49110E+05  218.880  40.17590     4.369  2.38991E-01  7.61000E-01  9.37260E-06  3.59520E+01  5.13320E+01
 2.39890E+05  216.760  40.17593     4.536  2.38993E-01  7.61000E-01  7.40180E-06  3.79990E+01  5.18820E+01
 2.30920E+05  214.640  40.17594     4.703  2.38994E-01  7.61000E-01  5.81090E-06  3.99000E+01  5.23940E+01
 2.22200E+05  212.510  40.17595     4.870  2.38995E-01  7.61000E-01  4.53420E-06  4.16160E+01  5.28730E+01
 2.13720E+05  210.370  40.17596     5.036  2.38997E-01  7.61000E-01  3.51600E-06  4.31250E+01  5.33220E+01
 2.05480E+05  208.230  40.17597     5.203  2.38997E-01  7.61000E-01  2.70900E-06  4.44150E+01  5.37430E+01
 1.97480E+05  206.080  40.17598     5.370  2.38998E-01  7.61000E-01  2.07360E-06  4.54760E+01  5.41380E+01
 1.89720E+05  203.930  40.17598     5.537  2.38998E-01  7.61000E-01  1.57650E-06  4.63030E+01  5.45100E+01
 1.82190E+05  201.770  40.17599     5.704  2.38999E-01  7.61000E-01  1.19020E-06  4.68850E+01  5.48630E+01
 1.74890E+05  199.610  40.17599     5.871  2.38999E-01  7.61000E-01  8.92260E-07  4.71930E+01  5.51970E+01
 1.67810E+05  197.440  40.17599     6.037  2.38999E-01  7.61000E-01  6.63990E-07  4.70920E+01  5.55170E+01
 1.60960E+05  196.740  40.17599     6.204  2.38999E-01  7.61000E-01  6.19780E-07  4.69470E+01  5.58300E+01
 1.54320E+05  196.200  40.17599     6.372  2.38999E-01  7.61000E-01  5.93370E-07  4.70970E+01  5.61380E+01
 1.47900E+05  195.660  40.17599     6.541  2.38999E-01  7.61000E-01  5.67840E-07  4.74020E+01  5.64420E+01
 1.41690E+05  195.120  40.17599     6.711  2.38999E-01  7.61000E-01  5.43180E-07  4.77980E+01  5.67400E+01
 1.35680E+05  194.570  40.17599     6.882  2.39000E-01  7.61000E-01  5.19370E-07  4.82570E+01  5.70330E+01
 1.29880E+05  194.020  40.17599     7.055  2.39000E-01  7.61000E-01  4.96400E-07  4.87610E+01  5.73220E+01
 1.24280E+05  193.470  40.17599     7.228  2.39000E-01  7.61000E-01  4.74250E-07  4.93020E+01  5.76060E+01
 1.18870E+05  192.920  40.17599     7.403  2.39000E-01  7.61000E-01  4.52900E-07  4.98700E+01  5.78860E+01
 1.13650E+05  192.370  40.17599     7.579  2.39000E-01  7.61000E-01  4.32340E-07  5.04610E+01  5.81630E+01
 1.08610E+05  191.820  40.17599     7.755  2.39000E-01  7.61000E-01  4.12550E-07  5.10700E+01  5.84390E+01
 1.03760E+05  191.260  40.17599     7.933  2.39000E-01  7.61000E-01  3.93510E-07  5.16940E+01  5.87150E+01
 9.90830E+04  190.700  40.17599     8.112  2.39000E-01  7.61000E-01  3.75210E-07  5.23300E+01  5.89900E+01
 9.45810E+04  190.140  40.17599     8.292  2.39000E-01  7.61000E-01  3.57620E-07  5.29700E+01  5.92650E+01
 9.02460E+04  189.580  40.17599     8.473  2.39000E-01  7.61000E-01  3.40730E-07  5.36110E+01  5.95400E+01
 8.60760E+04  189.020  40.17599     8.655  2.39000E-01  7.61000E-01  3.24520E-07  5.42520E+01  5.98150E+01
 8.20660E+04  188.460  40.17599     8.838  2.39000E-01  7.61000E-01  3.08960E-07  5.48890E+01  6.00930E+01
 7.82110E+04  187.900  40.17599     9.022  2.39000E-01  7.61000E-01  2.94050E-07  5.55200E+01  6.03730E+01
 7.45070E+04  187.330  40.17599     9.207  2.39000E-01  7.61000E-01  2.79750E-07  5.61430E+01  6.06560E+01
 7.09510E+04  186.770  40.17599     9.392  2.39000E-01  7.61000E-01  2.66060E-07  5.67560E+01  6.09430E+01
 6.75370E+04  186.200  40.17599     9.579  2.39000E-01  7.61000E-01  2.52950E-07  5.73580E+01  6.12320E+01
 6.42620E+04  185.630  40.17599     9.767  2.39000E-01  7.61000E-01  2.40400E-07  5.79480E+01  6.15240E+01
 6.11210E+04  185.060  40.17599     9.956  2.39000E-01  7.61000E-01  2.28390E-07  5.85250E+01  6.18180E+01
 5.81100E+04  184.500  40.17599    10.146  2.39000E-01  7.61000E-01  2.16910E-07  5.90880E+01  6.21130E+01
 5.52250E+04  183.930  40.17599    10.336  2.39000E-01  7.61000E-01  2.05940E-07  5.96370E+01  6.24080E+01
 5.24630E+04  183.360  40.17599    10.528  2.39000E-01  7.61000E-01  1.95450E-07  6.01720E+01  6.27030E+01
 4.98190E+04  182.790  40.17599    10.720  2.39000E-01  7.61000E-01  1.85440E-07  6.06930E+01  6.29960E+01
 4.72890E+04  182.220  40.17599    10.914  2.39000E-01  7.61000E-01  1.75880E-07  6.12010E+01  6.32860E+01
 4.48700E+04  181.650  40.17600    11.108  2.39000E-01  7.61000E-01  1.66760E-07  6.16950E+01  6.35740E+01
 4.25570E+04  181.080  40.17600    11.303  2.39000E-01  7.61000E-01  1.58060E-07  6.21750E+01  6.38580E+01
 4.03480E+04  180.500  40.17600    11.499  2.39000E-01  7.61000E-01  1.49770E-07  6.26430E+01  6.41390E+01
 3.82380E+04  179.930  40.17600    11.696  2.39000E-01  7.61000E-01  1.41860E-07  6.30990E+01  6.44160E+01
 3.62230E+04  179.360  40.17600    11.893  2.39000E-01  7.61000E-01  1.34330E-07  6.35410E+01  6.46900E+01
 3.43010E+04  178.790  40.17600    12.092  2.39000E-01  7.61000E-01  1.27160E-07  6.39710E+01  6.49600E+01
 3.24680E+04  178.220  40.17600    12.291  2.39000E-01  7.61000E-01  1.20330E-07  6.43870E+01  6.52280E+01
 3.07210E+04  177.640  40.17600    12.491  2.39000E-01  7.61000E-01  1.13830E-07  6.47890E+01  6.54950E+01
 2.90560E+04  177.070  40.17600    12.692  2.39000E-01  7.61000E-01  1.07660E-07  6.51780E+01  6.57600E+01
 2.74710E+04  176.500  40.17599    12.894  2.39000E-01  7.61000E-01  1.01780E-07  6.55520E+01  6.60250E+01
 2.59610E+04  175.930  40.17599    13.097  2.39000E-01  7.61000E-01  9.62000E-08  6.59110E+01  6.62890E+01
 2.45250E+04  175.360  40.17599    13.300  2.39000E-01  7.61000E-01  9.08970E-08  6.62530E+01  6.65540E+01
 2.31580E+04  174.790  40.17599    13.504  2.39000E-01  7.61000E-01  8.58620E-08  6.65770E+01  6.68200E+01
 2.18600E+04  174.300  40.17599    13.709  2.39000E-01  7.61000E-01  8.27330E-08  6.68820E+01  6.70870E+01
 2.06250E+04  174.020  40.17599    13.915  2.39000E-01  7.61000E-01  8.25670E-08  6.71800E+01  6.73560E+01
 1.94530E+04  173.770  40.17599    14.122  2.39000E-01  7.61000E-01  8.25250E-08  6.74740E+01  6.76260E+01
 1.83400E+04  173.620  40.17599    14.330  2.39000E-01  7.61000E-01  8.25250E-08  6.77630E+01  6.78990E+01
 1.72840E+04  173.560  40.17599    14.540  2.39000E-01  7.61000E-01  8.25250E-08  6.80470E+01  6.81730E+01
 1.62820E+04  173.590  40.17599    14.751  2.39000E-01  7.61000E-01  8.25250E-08  6.83280E+01  6.84480E+01
 1.53320E+04  173.690  40.17599    14.963  2.39000E-01  7.61000E-01  8.25250E-08  6.86070E+01  6.87230E+01
 1.44310E+04  173.850  40.17599    15.177  2.39000E-01  7.61000E-01  8.25250E-08  6.88820E+01  6.89980E+01
 1.35780E+04  174.040  40.17599    15.393  2.39000E-01  7.61000E-01  8.25250E-08  6.91550E+01  6.92730E+01
 1.27710E+04  174.230  40.17599    15.610  2.39000E-01  7.61000E-01  8.25250E-08  6.94230E+01  6.95450E+01
 1.20060E+04  174.410  40.17599    15.829  2.39000E-01  7.61000E-01  8.25250E-08  6.96870E+01  6.98130E+01
 1.12830E+04  174.550  40.17599    16.050  2.39000E-01  7.61000E-01  8.25250E-08  6.99450E+01  7.00770E+01
 1.05990E+04  174.640  40.17599    16.272  2.39000E-01  7.61000E-01  8.25250E-08  7.01960E+01  7.03360E+01
 9.95270E+03  174.670  40.17599    16.496  2.39000E-01  7.61000E-01  8.25250E-08  7.04420E+01  7.05880E+01
 9.34200E+03  174.630  40.17599    16.721  2.39000E-01  7.61000E-01  8.25250E-08  7.06790E+01  7.08300E+01
 8.76530E+03  174.520  40.17599    16.947  2.39000E-01  7.61000E-01  8.25250E-08  7.09080E+01  7.10620E+01
 8.22080E+03  174.340  40.17599    17.175  2.39000E-01  7.61000E-01  8.25250E-08  7.11290E+01  7.12860E+01
 7.70710E+03  174.120  40.17599    17.404  2.39000E-01  7.61000E-01  8.25250E-08  7.13430E+01  7.15000E+01
 7.22260E+03  173.870  40.17599    17.634  2.39000E-01  7.61000E-01  8.25250E-08  7.15510E+01  7.17060E+01
 6.76590E+03  173.600  40.17599    17.865  2.39000E-01  7.61000E-01  8.25250E-08  7.17520E+01  7.19050E+01
 6.33550E+03  173.320  40.17599    18.098  2.39000E-01  7.61000E-01  8.25250E-08  7.19480E+01  7.20980E+01
 5.93010E+03  173.060  40.17599    18.331  2.39000E-01  7.61000E-01  8.25250E-08  7.21390E+01  7.22850E+01
 5.54840E+03  172.800  40.17599    18.565  2.39000E-01  7.61000E-01  8.25250E-08  7.23250E+01  7.24690E+01
 5.18920E+03  172.560  40.17599    18.801  2.39000E-01  7.61000E-01  8.25250E-08  7.25050E+01  7.26470E+01
 4.85130E+03  172.340  40.17599    19.037  2.39000E-01  7.61000E-01  8.25250E-08  7.26810E+01  7.28220E+01
 4.53360E+03  172.120  40.17599    19.275  2.39000E-01  7.61000E-01  8.25250E-08  7.28510E+01  7.29920E+01
 4.23500E+03  171.900  40.17599    19.514  2.39000E-01  7.61000E-01  8.25250E-08  7.30150E+01  7.31580E+01
 3.95450E+03  171.660  40.17599    19.753  2.39000E-01  7.61000E-01  8.25250E-08  7.31740E+01  7.33180E+01
 3.69110E+03  171.400  40.17599    19.994  2.39000E-01  7.61000E-01  8.25250E-08  7.33280E+01  7.34730E+01
 3.44390E+03  171.110  40.17599    20.236  2.39000E-01  7.61000E-01  8.25250E-08  7.34760E+01  7.36230E+01
 3.21190E+03  170.780  40.17599    20.479  2.39000E-01  7.61000E-01  8.25250E-08  7.36200E+01  7.37680E+01
 2.99440E+03  170.430  40.17599    20.723  2.39000E-01  7.61000E-01  8.25250E-08  7.37600E+01  7.39090E+01
 2.79050E+03  170.050  40.17599    20.968  2.39000E-01  7.61000E-01  8.25250E-08  7.38960E+01  7.40460E+01
 2.59940E+03  169.660  40.17599    21.214  2.39000E-01  7.61000E-01  8.25250E-08  7.40290E+01  7.41790E+01
 2.42040E+03  169.270  40.17599    21.460  2.39000E-01  7.61000E-01  8.25250E-08  7.41600E+01  7.43090E+01
 2.25290E+03  168.890  40.17599    21.707  2.39000E-01  7.61000E-01  8.25250E-08  7.42890E+01  7.44370E+01
 2.09610E+03  168.530  40.17599    21.955  2.39000E-01  7.61000E-01  8.25250E-08  7.44160E+01  7.45630E+01
 1.94940E+03  168.190  40.17599    22.204  2.39000E-01  7.61000E-01  8.25250E-08  7.45400E+01  7.46860E+01
 1.81230E+03  167.890  40.17599    22.454  2.39000E-01  7.61000E-01  8.25250E-08  7.46620E+01  7.48070E+01
 1.68420E+03  167.620  40.17599    22.705  2.39000E-01  7.61000E-01  8.25250E-08  7.47810E+01  7.49260E+01
 1.56450E+03  167.370  40.17599    22.957  2.39000E-01  7.61000E-01  8.25250E-08  7.48980E+01  7.50420E+01
 1.45270E+03  167.140  40.17599    23.210  2.39000E-01  7.61000E-01  8.25250E-08  7.50120E+01  7.51560E+01
 1.34830E+03  166.900  40.17599    23.464  2.39000E-01  7.61000E-01  8.25250E-08  7.51230E+01  7.52680E+01
 1.25100E+03  166.650  40.17599    23.719  2.39000E-01  7.61000E-01  8.25250E-08  7.52330E+01  7.53790E+01
 1.16020E+03  166.370  40.17599    23.975  2.39000E-01  7.61000E-01  8.25250E-08  7.53420E+01  7.54880E+01
 1.07560E+03  166.060  40.17599    24.232  2.39000E-01  7.61000E-01  8.25250E-08  7.54510E+01  7.55970E+01
 9.96740E+02  165.720  40.17599    24.489  2.39000E-01  7.61000E-01  8.25250E-08  7.55580E+01  7.57050E+01
 9.23290E+02  165.330  40.17599    24.748  2.39000E-01  7.61000E-01  8.25250E-08  7.56650E+01  7.58120E+01
 8.54920E+02  164.930  40.17599    25.007  2.39000E-01  7.61000E-01  8.25250E-08  7.57690E+01  7.59170E+01
 7.91300E+02  164.500  40.17599    25.267  2.39000E-01  7.61000E-01  8.25250E-08  7.58710E+01  7.60190E+01
 7.32110E+02  164.080  40.17599    25.528  2.39000E-01  7.61000E-01  8.25250E-08  7.59700E+01  7.61170E+01
 6.77080E+02  163.670  40.17599    25.789  2.39000E-01  7.61000E-01  8.25250E-08  7.60640E+01  7.62120E+01
 6.25940E+02  163.280  40.17599    26.051  2.39000E-01  7.61000E-01  8.25250E-08  7.61540E+01  7.63010E+01
 5.78430E+02  162.940  40.17599    26.314  2.39000E-01  7.61000E-01  8.25250E-08  7.62380E+01  7.63850E+01
 5.34310E+02  162.650  40.17599    26.578  2.39000E-01  7.61000E-01  8.25250E-08  7.63170E+01  7.64640E+01
 4.93360E+02  162.410  40.17599    26.842  2.39000E-01  7.61000E-01  8.25250E-08  7.63910E+01  7.65370E+01
 4.55360E+02  162.230  40.17599    27.108  2.39000E-01  7.61000E-01  8.25250E-08  7.64600E+01  7.66060E+01
 4.20130E+02  162.100  40.17599    27.374  2.39000E-01  7.61000E-01  8.25250E-08  7.65250E+01  7.66700E+01
 3.87460E+02  162.000  40.17599    27.642  2.39000E-01  7.61000E-01  8.25250E-08  7.65870E+01  7.67320E+01
 3.57190E+02  161.890  40.17599    27.911  2.39000E-01  7.61000E-01  8.25250E-08  7.66460E+01  7.67910E+01
 3.29160E+02  161.750  40.17599    28.182  2.39000E-01  7.61000E-01  8.25250E-08  7.67060E+01  7.68510E+01
 3.03200E+02  161.550  40.17599    28.453  2.39000E-01  7.61000E-01  8.25250E-08  7.67650E+01  7.69110E+01
 2.79180E+02  161.250  40.17599    28.725  2.39000E-01  7.61000E-01  8.25250E-08  7.68260E+01  7.69730E+01
 2.56960E+02  160.850  40.17599    28.998  2.39000E-01  7.61000E-01  8.25250E-08  7.68890E+01  7.70360E+01
 2.36410E+02  160.320  40.17599    29.271  2.39000E-01  7.61000E-01  8.25250E-08  7.69510E+01  7.71010E+01
 2.17420E+02  159.690  40.17599    29.545  2.39000E-01  7.61000E-01  8.25250E-08  7.70130E+01  7.71670E+01
 1.99870E+02  159.020  40.17599    29.819  2.39000E-01  7.61000E-01  8.25250E-08  7.70720E+01  7.72320E+01
 1.83670E+02  158.370  40.17599    30.093  2.39000E-01  7.61000E-01  8.25250E-08  7.71310E+01  7.72970E+01
 1.68710E+02  157.720  40.17599    30.367  2.39000E-01  7.61000E-01  8.25250E-08  7.71900E+01  7.73600E+01
 1.54910E+02  157.060  40.17599    30.642  2.39000E-01  7.61000E-01  8.25250E-08  7.72470E+01  7.74200E+01
 1.42180E+02  156.410  40.17599    30.917  2.39000E-01  7.61000E-01  8.25250E-08  7.73030E+01  7.74770E+01
 1.30440E+02  155.770  40.17599    31.192  2.39000E-01  7.61000E-01  8.25250E-08  7.73560E+01  7.75290E+01
 1.19630E+02  155.120  40.17599    31.467  2.39000E-01  7.61000E-01  8.25250E-08  7.74050E+01  7.75780E+01
 1.09670E+02  154.470  40.17599    31.742  2.39000E-01  7.61000E-01  8.25250E-08  7.74520E+01  7.76220E+01
 1.00490E+02  153.830  40.17599    32.017  2.39000E-01  7.61000E-01  8.25250E-08  7.74950E+01  7.76630E+01
 9.20530E+01  153.200  40.17599    32.292  2.39000E-01  7.61000E-01  8.25250E-08  7.75350E+01  7.76990E+01
 8.42860E+01  152.560  40.17599    32.568  2.39000E-01  7.61000E-01  8.25250E-08  7.75710E+01  7.77320E+01
 7.71430E+01  151.930  40.17599    32.844  2.39000E-01  7.61000E-01  8.25250E-08  7.76050E+01  7.77620E+01
 7.05780E+01  151.300  40.17599    33.120  2.39000E-01  7.61000E-01  8.25250E-08  7.76360E+01  7.77890E+01
 6.45450E+01  150.680  40.17599    33.396  2.39000E-01  7.61000E-01  8.25250E-08  7.76630E+01  7.78140E+01
 5.90050E+01  150.060  40.17599    33.672  2.39000E-01  7.61000E-01  8.25250E-08  7.76880E+01  7.78360E+01
 5.39180E+01  149.470  40.17599    33.948  2.39000E-01  7.61000E-01  8.25250E-08  7.77090E+01  7.78560E+01
 4.92500E+01  149.010  40.17599    34.224  2.39000E-01  7.61000E-01  8.25250E-08  7.77290E+01  7.78750E+01
 4.49690E+01  148.760  40.17599    34.501  2.39000E-01  7.61000E-01  8.25250E-08  7.77460E+01  7.78930E+01
 4.10430E+01  148.730  40.17599    34.779  2.39000E-01  7.61000E-01  8.25250E-08  7.77640E+01  7.79100E+01
 3.74450E+01  148.920  40.17599    35.059  2.39000E-01  7.61000E-01  8.25250E-08  7.77810E+01  7.79280E+01
 3.41480E+01  149.310  40.17599    35.340  2.39000E-01  7.61000E-01  8.25250E-08  7.77990E+01  7.79450E+01
 3.11300E+01  149.910  40.17599    35.623  2.39000E-01  7.61000E-01  8.25250E-08  7.78180E+01  7.79640E+01
 2.83670E+01  150.690  40.17599    35.909  2.39000E-01  7.61000E-01  8.25250E-08  7.78370E+01  7.79830E+01
 2.58380E+01  151.590  40.17599    36.198  2.39000E-01  7.61000E-01  8.25250E-08  7.78570E+01  7.80030E+01
 2.35260E+01  152.550  40.17599    36.490  2.39000E-01  7.61000E-01  8.25250E-08  7.78770E+01  7.80240E+01
 2.14120E+01  153.530  40.17599    36.785  2.39000E-01  7.61000E-01  8.25250E-08  7.78980E+01  7.80440E+01
 1.94800E+01  154.490  40.17599    37.083  2.39000E-01  7.61000E-01  8.25250E-08  7.79180E+01  7.80640E+01
 1.77160E+01  155.380  40.17599    37.384  2.39000E-01  7.61000E-01  8.25250E-08  7.79370E+01  7.80830E+01
 1.61040E+01  156.200  40.17599    37.689  2.39000E-01  7.61000E-01  8.25250E-08  7.79550E+01  7.81020E+01
 1.46340E+01  156.930  40.17599    37.996  2.39000E-01  7.61000E-01  8.25250E-08  7.79730E+01  7.81190E+01
 1.32920E+01  157.550  40.17599    38.305  2.39000E-01  7.61000E-01  8.25250E-08  7.79890E+01  7.81360E+01
 1.20690E+01  158.070  40.17599    38.617  2.39000E-01  7.61000E-01  8.25250E-08  7.80040E+01  7.81510E+01
 1.09540E+01  158.490  40.17599    38.932  2.39000E-01  7.61000E-01  8.25250E-08  7.80180E+01  7.81650E+01
 9.93750E+00  158.820  40.17599    39.248  2.39000E-01  7.61000E-01  8.25250E-08  7.80310E+01  7.81780E+01
 9.01200E+00  159.090  40.17599    39.567  2.39000E-01  7.61000E-01  8.25250E-08  7.80430E+01  7.81900E+01
 8.16940E+00  159.310  40.17599    39.887  2.39000E-01  7.61000E-01  8.25250E-08  7.80550E+01  7.82010E+01
 7.40270E+00  159.490  40.17599    40.209  2.39000E-01  7.61000E-01  8.25250E-08  7.80650E+01  7.82110E+01
 6.70520E+00  159.650  40.17599    40.532  2.39000E-01  7.61000E-01  8.25250E-08  7.80740E+01  7.82210E+01
 6.07100E+00  159.800  40.17599    40.858  2.39000E-01  7.61000E-01  8.25250E-08  7.80830E+01  7.82300E+01
 5.49460E+00  159.950  40.17599    41.184  2.39000E-01  7.61000E-01  8.25250E-08  7.80910E+01  7.82380E+01
 4.97090E+00  160.100  40.17599    41.513  2.39000E-01  7.61000E-01  8.25250E-08  7.80990E+01  7.82450E+01
 4.49540E+00  160.240  40.17599    41.843  2.39000E-01  7.61000E-01  8.25250E-08  7.81060E+01  7.82520E+01
 4.06370E+00  160.380  40.17599    42.175  2.39000E-01  7.61000E-01  8.25250E-08  7.81120E+01  7.82590E+01
 3.67200E+00  160.500  40.17599    42.509  2.39000E-01  7.61000E-01  8.25250E-08  7.81180E+01  7.82640E+01
 3.31670E+00  160.610  40.17599    42.844  2.39000E-01  7.61000E-01  8.25250E-08  7.81230E+01  7.82700E+01
 2.99460E+00  160.700  40.17599    43.180  2.39000E-01  7.61000E-01  8.25250E-08  7.81290E+01  7.82750E+01
 2.70270E+00  160.770  40.17599    43.518  2.39000E-01  7.61000E-01  8.25250E-08  7.81340E+01  7.82800E+01
 2.43830E+00  160.840  40.17599    43.858  2.39000E-01  7.61000E-01  8.25250E-08  7.81390E+01  7.82850E+01
 2.19880E+00  160.920  40.17599    44.199  2.39000E-01  7.61000E-01  8.25250E-08  7.81430E+01  7.82900E+01
 1.98210E+00  161.020  40.17599    44.542  2.39000E-01  7.61000E-01  8.25250E-08  7.81470E+01  7.82940E+01
 1.78600E+00  161.190  40.17599    44.886  2.39000E-01  7.61000E-01  8.25250E-08  7.81520E+01  7.82980E+01
 1.60870E+00  161.430  40.17599    45.232  2.39000E-01  7.61000E-01  8.25250E-08  7.81560E+01  7.83020E+01
 1.44840E+00  161.780  40.17599    45.580  2.39000E-01  7.61000E-01  8.25250E-08  7.81590E+01  7.83060E+01
 1.30360E+00  162.150  40.17599    45.931  2.39000E-01  7.61000E-01  8.25250E-08  7.81630E+01  7.83100E+01
 1.17270E+00  162.360  40.17599    46.283  2.39000E-01  7.61000E-01  8.25250E-08  7.81690E+01  7.83160E+01
 1.05460E+00  162.230  40.17599    46.637  2.39000E-01  7.61000E-01  8.25250E-08  7.81960E+01  7.83420E+01
