# Model name: Exo_k
# Diameter: 12756.2				# Diameter of the planet [km]
# Gravity: 9.81				# Gravity at the surface of the atmosphere [m/s2]
# Star-distance: 1				# Planet-star distance [ua]
# Star-type: Sun				# Host-star type
# Star-temperature: 5770				# Host-star temperature [K]
# Wavelength-min: N/A				# Minimum wavelength [um]
# Wavelength-max: N/A				# Maximum wavelength [um]
# Radiance-unit: W/m^2				# Radiation output unit
# Surface-temperature: 288.0				# Surface temperature [K]
# Surface-albedo: 0.32				# Surface albedo
# Surface-emissivity: 0.9				# Surface emissivity
# Opacity: corrk + continuum				# corrk + continuum
# Line opacities: H2O, CO2
# CIA opacities: H2O-H2O, H2O-N2, CO2-CO2, N2-N2
# Rayleigh opacities: N2, CO2, H2O
# Outgoing thermal radiation - OTR (W/m^2): 231.35024178412954
# Absorbed stellar radiation - ASR (W/m^2): 253.99610257058663
# Atmosphere-description: Modern Earth
# Atmosphere-columns: P T MMW Alt vmrN2 vmrCO2 vmrH2O OTR ASR
# units: Pa K g/mol km N/A N/A N/A W/m^2 W/m^2
# Atmosphere-fit-T: N/A
# Atmosphere-fit-N2 N/A
# Atmosphere-fit-CO2: N/A
# Atmosphere-fit-H2O: N/A
# Atmosphere-layers: 201
#   P (Pa)     T (K)   MMW (g/mol)    Alt (km)       N2           CO2            H2O           OTR           ASR
1.01729e+05   288.000     27.86      0.000e+00   9.83002e-01   3.93201e-04   1.66045e-02   5.59813e+01   1.68455e+02
9.82738e+04   286.630     27.87      3.013e-01   9.83876e-01   3.93550e-04   1.57309e-02   6.32300e+01   1.71527e+02
9.49358e+04   285.250     27.88      6.012e-01   9.84731e-01   3.93892e-04   1.48753e-02   6.98400e+01   1.74493e+02
9.17111e+04   283.860     27.88      8.995e-01   9.85567e-01   3.94227e-04   1.40385e-02   7.59613e+01   1.77379e+02
8.85960e+04   282.450     27.89      1.196e+00   9.86384e-01   3.94554e-04   1.32212e-02   8.16311e+01   1.80201e+02
8.55867e+04   281.020     27.90      1.491e+00   9.87181e-01   3.94872e-04   1.24240e-02   8.68672e+01   1.82972e+02
8.26796e+04   279.570     27.91      1.785e+00   9.87957e-01   3.95183e-04   1.16477e-02   9.16823e+01   1.85702e+02
7.98713e+04   278.110     27.91      2.077e+00   9.88711e-01   3.95485e-04   1.08931e-02   9.61116e+01   1.88397e+02
7.71584e+04   276.620     27.92      2.368e+00   9.89443e-01   3.95777e-04   1.01609e-02   1.00161e+02   1.91061e+02
7.45376e+04   275.120     27.93      2.656e+00   9.90152e-01   3.96061e-04   9.45192e-03   1.03892e+02   1.93699e+02
7.20058e+04   273.590     27.94      2.943e+00   9.90837e-01   3.96335e-04   8.76691e-03   1.07344e+02   1.96311e+02
6.95600e+04   272.040     27.94      3.229e+00   9.91497e-01   3.96599e-04   8.10666e-03   1.10581e+02   1.98899e+02
6.71973e+04   270.470     27.95      3.513e+00   9.92131e-01   3.96853e-04   7.47188e-03   1.13668e+02   2.01460e+02
6.49148e+04   268.870     27.95      3.795e+00   9.92740e-01   3.97096e-04   6.86305e-03   1.16661e+02   2.03992e+02
6.27099e+04   267.250     27.96      4.075e+00   9.93322e-01   3.97329e-04   6.28094e-03   1.19632e+02   2.06492e+02
6.05799e+04   265.590     27.96      4.354e+00   9.93876e-01   3.97550e-04   5.72626e-03   1.22614e+02   2.08957e+02
5.85222e+04   263.910     27.97      4.630e+00   9.94403e-01   3.97761e-04   5.19967e-03   1.25668e+02   2.11383e+02
5.65344e+04   262.200     27.97      4.905e+00   9.94900e-01   3.97960e-04   4.70173e-03   1.28827e+02   2.13765e+02
5.46141e+04   260.470     27.98      5.179e+00   9.95369e-01   3.98148e-04   4.23288e-03   1.32132e+02   2.16101e+02
5.27591e+04   258.700     27.98      5.450e+00   9.95808e-01   3.98323e-04   3.79344e-03   1.35587e+02   2.18386e+02
5.09670e+04   256.900     27.99      5.719e+00   9.96218e-01   3.98487e-04   3.38358e-03   1.39196e+02   2.20617e+02
4.92359e+04   255.070     27.99      5.987e+00   9.96598e-01   3.98639e-04   3.00328e-03   1.42950e+02   2.22789e+02
4.75635e+04   253.220     27.99      6.252e+00   9.96949e-01   3.98780e-04   2.65234e-03   1.46842e+02   2.24899e+02
4.59479e+04   251.330     28.00      6.516e+00   9.97271e-01   3.98908e-04   2.33035e-03   1.50824e+02   2.26944e+02
4.43872e+04   249.420     28.00      6.777e+00   9.97564e-01   3.99026e-04   2.03669e-03   1.54859e+02   2.28917e+02
4.28795e+04   247.490     28.00      7.037e+00   9.97830e-01   3.99132e-04   1.77053e-03   1.58886e+02   2.30814e+02
4.14231e+04   245.530     28.01      7.294e+00   9.98070e-01   3.99228e-04   1.53082e-03   1.62841e+02   2.32628e+02
4.00161e+04   243.550     28.01      7.549e+00   9.98284e-01   3.99314e-04   1.31633e-03   1.66681e+02   2.34354e+02
3.86569e+04   241.520     28.01      7.802e+00   9.98475e-01   3.99390e-04   1.12566e-03   1.70344e+02   2.35987e+02
3.73438e+04   239.520     28.01      8.053e+00   9.98643e-01   3.99457e-04   9.57680e-04   1.73870e+02   2.37524e+02
3.60754e+04   237.480     28.01      8.302e+00   9.98790e-01   3.99516e-04   8.10235e-04   1.77250e+02   2.38962e+02
3.48500e+04   235.430     28.01      8.549e+00   9.98919e-01   3.99567e-04   6.81798e-04   1.80502e+02   2.40297e+02
3.36663e+04   233.360     28.01      8.794e+00   9.99030e-01   3.99612e-04   5.70751e-04   1.83630e+02   2.41528e+02
3.25228e+04   231.270     28.02      9.036e+00   9.99125e-01   3.99650e-04   4.75432e-04   1.86631e+02   2.42653e+02
3.14181e+04   229.180     28.02      9.277e+00   9.99206e-01   3.99682e-04   3.94180e-04   1.89506e+02   2.43673e+02
3.03509e+04   227.080     28.02      9.515e+00   9.99275e-01   3.99710e-04   3.25374e-04   1.92236e+02   2.44591e+02
2.93200e+04   224.990     28.02      9.751e+00   9.99333e-01   3.99733e-04   2.67464e-04   1.94807e+02   2.45408e+02
2.83241e+04   222.900     28.02      9.984e+00   9.99381e-01   3.99752e-04   2.19004e-04   1.97197e+02   2.46128e+02
2.73621e+04   220.820     28.02      1.022e+01   9.99422e-01   3.99769e-04   1.78664e-04   1.99386e+02   2.46757e+02
2.64327e+04   218.750     28.02      1.045e+01   9.99455e-01   3.99782e-04   1.45244e-04   2.01358e+02   2.47300e+02
2.55348e+04   216.700     28.02      1.067e+01   9.99483e-01   3.99793e-04   1.17679e-04   2.03106e+02   2.47764e+02
2.46675e+04   214.670     28.02      1.090e+01   9.99505e-01   3.99802e-04   9.50318e-05   2.04626e+02   2.48156e+02
2.38296e+04   212.670     28.02      1.112e+01   9.99524e-01   3.99809e-04   7.64924e-05   2.05920e+02   2.48486e+02
2.30202e+04   210.680     28.02      1.134e+01   9.99539e-01   3.99816e-04   6.13650e-05   2.06984e+02   2.48761e+02
2.22383e+04   208.720     28.02      1.156e+01   9.99551e-01   3.99820e-04   4.90588e-05   2.07825e+02   2.48988e+02
2.14830e+04   206.780     28.02      1.178e+01   9.99561e-01   3.99824e-04   3.90758e-05   2.08451e+02   2.49175e+02
2.07533e+04   204.860     28.02      1.199e+01   9.99569e-01   3.99828e-04   3.09990e-05   2.08871e+02   2.49328e+02
2.00483e+04   202.970     28.02      1.221e+01   9.99576e-01   3.99830e-04   2.44816e-05   2.09090e+02   2.49453e+02
1.93674e+04   201.100     28.02      1.242e+01   9.99581e-01   3.99832e-04   1.92366e-05   2.09108e+02   2.49559e+02
1.87095e+04   200.000     28.02      1.263e+01   9.99581e-01   3.99832e-04   1.92366e-05   2.09070e+02   2.49658e+02
1.80740e+04   200.000     28.02      1.284e+01   9.99581e-01   3.99832e-04   1.92366e-05   2.09146e+02   2.49756e+02
1.74601e+04   200.000     28.02      1.305e+01   9.99581e-01   3.99832e-04   1.92366e-05   2.09290e+02   2.49851e+02
1.68671e+04   200.000     28.02      1.326e+01   9.99581e-01   3.99832e-04   1.92366e-05   2.09475e+02   2.49945e+02
1.62941e+04   200.000     28.02      1.347e+01   9.99581e-01   3.99832e-04   1.92366e-05   2.09690e+02   2.50038e+02
1.57407e+04   200.000     28.02      1.368e+01   9.99581e-01   3.99832e-04   1.92366e-05   2.09927e+02   2.50128e+02
1.52060e+04   200.000     28.02      1.389e+01   9.99581e-01   3.99832e-04   1.92366e-05   2.10180e+02   2.50218e+02
1.46895e+04   200.000     28.02      1.410e+01   9.99581e-01   3.99832e-04   1.92366e-05   2.10448e+02   2.50305e+02
1.41906e+04   200.000     28.02      1.431e+01   9.99581e-01   3.99832e-04   1.92366e-05   2.10727e+02   2.50392e+02
1.37086e+04   200.000     28.02      1.452e+01   9.99581e-01   3.99832e-04   1.92366e-05   2.11016e+02   2.50477e+02
1.32429e+04   200.000     28.02      1.473e+01   9.99581e-01   3.99832e-04   1.92366e-05   2.11312e+02   2.50561e+02
1.27931e+04   200.000     28.02      1.494e+01   9.99581e-01   3.99832e-04   1.92366e-05   2.11616e+02   2.50644e+02
1.23586e+04   200.000     28.02      1.515e+01   9.99581e-01   3.99832e-04   1.92366e-05   2.11925e+02   2.50725e+02
1.19388e+04   200.000     28.02      1.536e+01   9.99581e-01   3.99832e-04   1.92366e-05   2.12240e+02   2.50806e+02
1.15333e+04   200.000     28.02      1.557e+01   9.99581e-01   3.99832e-04   1.92366e-05   2.12558e+02   2.50885e+02
1.11416e+04   200.000     28.02      1.578e+01   9.99581e-01   3.99832e-04   1.92366e-05   2.12881e+02   2.50964e+02
1.07631e+04   200.000     28.02      1.599e+01   9.99581e-01   3.99832e-04   1.92366e-05   2.13207e+02   2.51041e+02
1.03975e+04   200.000     28.02      1.620e+01   9.99581e-01   3.99832e-04   1.92366e-05   2.13536e+02   2.51118e+02
1.00444e+04   200.000     28.02      1.641e+01   9.99581e-01   3.99832e-04   1.92366e-05   2.13868e+02   2.51193e+02
9.70318e+03   200.000     28.02      1.662e+01   9.99581e-01   3.99832e-04   1.92366e-05   2.14201e+02   2.51267e+02
9.37360e+03   200.000     28.02      1.683e+01   9.99581e-01   3.99832e-04   1.92366e-05   2.14533e+02   2.51339e+02
9.05521e+03   200.000     28.02      1.704e+01   9.99581e-01   3.99832e-04   1.92366e-05   2.14864e+02   2.51410e+02
8.74764e+03   200.000     28.02      1.725e+01   9.99581e-01   3.99832e-04   1.92366e-05   2.15194e+02   2.51478e+02
8.45051e+03   200.000     28.02      1.746e+01   9.99581e-01   3.99832e-04   1.92366e-05   2.15523e+02   2.51545e+02
8.16347e+03   200.000     28.02      1.767e+01   9.99581e-01   3.99832e-04   1.92366e-05   2.15850e+02   2.51610e+02
7.88619e+03   200.000     28.02      1.788e+01   9.99581e-01   3.99832e-04   1.92366e-05   2.16175e+02   2.51674e+02
7.61832e+03   200.000     28.02      1.809e+01   9.99581e-01   3.99832e-04   1.92366e-05   2.16498e+02   2.51736e+02
7.35955e+03   200.000     28.02      1.830e+01   9.99581e-01   3.99832e-04   1.92366e-05   2.16818e+02   2.51796e+02
7.10957e+03   200.000     28.02      1.851e+01   9.99581e-01   3.99832e-04   1.92366e-05   2.17135e+02   2.51855e+02
6.86808e+03   200.000     28.02      1.872e+01   9.99581e-01   3.99832e-04   1.92366e-05   2.17450e+02   2.51912e+02
6.63479e+03   200.000     28.02      1.893e+01   9.99581e-01   3.99832e-04   1.92366e-05   2.17761e+02   2.51968e+02
6.40943e+03   200.000     28.02      1.914e+01   9.99581e-01   3.99832e-04   1.92366e-05   2.18069e+02   2.52022e+02
6.19172e+03   200.000     28.02      1.935e+01   9.99581e-01   3.99832e-04   1.92366e-05   2.18374e+02   2.52075e+02
5.98140e+03   200.000     28.02      1.956e+01   9.99581e-01   3.99832e-04   1.92366e-05   2.18675e+02   2.52126e+02
5.77823e+03   200.000     28.02      1.977e+01   9.99581e-01   3.99832e-04   1.92366e-05   2.18972e+02   2.52176e+02
5.58196e+03   200.000     28.02      1.998e+01   9.99581e-01   3.99832e-04   1.92366e-05   2.19266e+02   2.52225e+02
5.39235e+03   200.000     28.02      2.019e+01   9.99581e-01   3.99832e-04   1.92366e-05   2.19556e+02   2.52272e+02
5.20918e+03   200.000     28.02      2.040e+01   9.99581e-01   3.99832e-04   1.92366e-05   2.19841e+02   2.52318e+02
5.03224e+03   200.000     28.02      2.061e+01   9.99581e-01   3.99832e-04   1.92366e-05   2.20122e+02   2.52363e+02
4.86130e+03   200.000     28.02      2.082e+01   9.99581e-01   3.99832e-04   1.92366e-05   2.20399e+02   2.52406e+02
4.69616e+03   200.000     28.02      2.103e+01   9.99581e-01   3.99832e-04   1.92366e-05   2.20672e+02   2.52448e+02
4.53664e+03   200.000     28.02      2.124e+01   9.99581e-01   3.99832e-04   1.92366e-05   2.20940e+02   2.52489e+02
4.38253e+03   200.000     28.02      2.145e+01   9.99581e-01   3.99832e-04   1.92366e-05   2.21204e+02   2.52529e+02
4.23365e+03   200.000     28.02      2.167e+01   9.99581e-01   3.99832e-04   1.92366e-05   2.21463e+02   2.52568e+02
4.08983e+03   200.000     28.02      2.188e+01   9.99581e-01   3.99832e-04   1.92366e-05   2.21717e+02   2.52606e+02
3.95088e+03   200.000     28.02      2.209e+01   9.99581e-01   3.99832e-04   1.92366e-05   2.21967e+02   2.52642e+02
3.81666e+03   200.000     28.02      2.230e+01   9.99581e-01   3.99832e-04   1.92366e-05   2.22212e+02   2.52678e+02
3.68699e+03   200.000     28.02      2.251e+01   9.99581e-01   3.99832e-04   1.92366e-05   2.22452e+02   2.52713e+02
3.56172e+03   200.000     28.02      2.272e+01   9.99581e-01   3.99832e-04   1.92366e-05   2.22688e+02   2.52746e+02
3.44070e+03   200.000     28.02      2.293e+01   9.99581e-01   3.99832e-04   1.92366e-05   2.22918e+02   2.52779e+02
3.32379e+03   200.000     28.02      2.314e+01   9.99581e-01   3.99832e-04   1.92366e-05   2.23144e+02   2.52811e+02
3.21084e+03   200.000     28.02      2.335e+01   9.99581e-01   3.99832e-04   1.92366e-05   2.23366e+02   2.52842e+02
3.10172e+03   200.000     28.02      2.356e+01   9.99581e-01   3.99832e-04   1.92366e-05   2.23582e+02   2.52872e+02
2.99631e+03   200.000     28.02      2.377e+01   9.99581e-01   3.99832e-04   1.92366e-05   2.23794e+02   2.52901e+02
2.89446e+03   200.000     28.02      2.398e+01   9.99581e-01   3.99832e-04   1.92366e-05   2.24000e+02   2.52929e+02
2.79607e+03   200.000     28.02      2.419e+01   9.99581e-01   3.99832e-04   1.92366e-05   2.24203e+02   2.52957e+02
2.70101e+03   200.000     28.02      2.440e+01   9.99581e-01   3.99832e-04   1.92366e-05   2.24400e+02   2.52984e+02
2.60916e+03   200.000     28.02      2.462e+01   9.99581e-01   3.99832e-04   1.92366e-05   2.24593e+02   2.53010e+02
2.52043e+03   200.000     28.02      2.483e+01   9.99581e-01   3.99832e-04   1.92366e-05   2.24781e+02   2.53035e+02
2.43470e+03   200.000     28.02      2.504e+01   9.99581e-01   3.99832e-04   1.92366e-05   2.24965e+02   2.53060e+02
2.35186e+03   200.000     28.02      2.525e+01   9.99581e-01   3.99832e-04   1.92366e-05   2.25145e+02   2.53084e+02
2.27183e+03   200.000     28.02      2.546e+01   9.99581e-01   3.99832e-04   1.92366e-05   2.25320e+02   2.53108e+02
2.19450e+03   200.000     28.02      2.567e+01   9.99581e-01   3.99832e-04   1.92366e-05   2.25490e+02   2.53131e+02
2.11978e+03   200.000     28.02      2.588e+01   9.99581e-01   3.99832e-04   1.92366e-05   2.25657e+02   2.53153e+02
2.04757e+03   200.000     28.02      2.609e+01   9.99581e-01   3.99832e-04   1.92366e-05   2.25819e+02   2.53175e+02
1.97780e+03   200.000     28.02      2.630e+01   9.99581e-01   3.99832e-04   1.92366e-05   2.25977e+02   2.53196e+02
1.91038e+03   200.000     28.02      2.652e+01   9.99581e-01   3.99832e-04   1.92366e-05   2.26131e+02   2.53217e+02
1.84522e+03   200.000     28.02      2.673e+01   9.99581e-01   3.99832e-04   1.92366e-05   2.26281e+02   2.53238e+02
1.78224e+03   200.000     28.02      2.694e+01   9.99581e-01   3.99832e-04   1.92366e-05   2.26427e+02   2.53258e+02
1.72138e+03   200.000     28.02      2.715e+01   9.99581e-01   3.99832e-04   1.92366e-05   2.26570e+02   2.53277e+02
1.66255e+03   200.000     28.02      2.736e+01   9.99581e-01   3.99832e-04   1.92366e-05   2.26709e+02   2.53296e+02
1.60569e+03   200.000     28.02      2.758e+01   9.99581e-01   3.99832e-04   1.92366e-05   2.26844e+02   2.53315e+02
1.55072e+03   200.000     28.02      2.779e+01   9.99581e-01   3.99832e-04   1.92366e-05   2.26976e+02   2.53333e+02
1.49758e+03   200.000     28.02      2.800e+01   9.99581e-01   3.99832e-04   1.92366e-05   2.27105e+02   2.53351e+02
1.44620e+03   200.000     28.02      2.821e+01   9.99581e-01   3.99832e-04   1.92366e-05   2.27230e+02   2.53369e+02
1.39652e+03   200.000     28.02      2.843e+01   9.99581e-01   3.99832e-04   1.92366e-05   2.27352e+02   2.53386e+02
1.34847e+03   200.000     28.02      2.864e+01   9.99581e-01   3.99832e-04   1.92366e-05   2.27471e+02   2.53403e+02
1.30201e+03   200.000     28.02      2.886e+01   9.99581e-01   3.99832e-04   1.92366e-05   2.27588e+02   2.53419e+02
1.25706e+03   200.000     28.02      2.907e+01   9.99581e-01   3.99832e-04   1.92366e-05   2.27701e+02   2.53435e+02
1.21358e+03   200.000     28.02      2.929e+01   9.99581e-01   3.99832e-04   1.92366e-05   2.27812e+02   2.53451e+02
1.17151e+03   200.000     28.02      2.950e+01   9.99581e-01   3.99832e-04   1.92366e-05   2.27920e+02   2.53467e+02
1.13079e+03   200.000     28.02      2.972e+01   9.99581e-01   3.99832e-04   1.92366e-05   2.28026e+02   2.53482e+02
1.09138e+03   200.000     28.02      2.993e+01   9.99581e-01   3.99832e-04   1.92366e-05   2.28129e+02   2.53497e+02
1.05323e+03   200.000     28.02      3.015e+01   9.99581e-01   3.99832e-04   1.92366e-05   2.28231e+02   2.53511e+02
1.01629e+03   200.000     28.02      3.037e+01   9.99581e-01   3.99832e-04   1.92366e-05   2.28330e+02   2.53526e+02
9.80504e+02   200.000     28.02      3.059e+01   9.99581e-01   3.99832e-04   1.92366e-05   2.28427e+02   2.53540e+02
9.45837e+02   200.000     28.02      3.081e+01   9.99581e-01   3.99832e-04   1.92366e-05   2.28521e+02   2.53554e+02
9.12242e+02   200.000     28.02      3.103e+01   9.99581e-01   3.99832e-04   1.92366e-05   2.28613e+02   2.53567e+02
8.79675e+02   200.000     28.02      3.125e+01   9.99581e-01   3.99832e-04   1.92366e-05   2.28703e+02   2.53580e+02
8.48094e+02   200.000     28.02      3.147e+01   9.99581e-01   3.99832e-04   1.92366e-05   2.28790e+02   2.53593e+02
8.17458e+02   200.000     28.02      3.170e+01   9.99581e-01   3.99832e-04   1.92366e-05   2.28875e+02   2.53606e+02
7.87729e+02   200.000     28.02      3.193e+01   9.99581e-01   3.99832e-04   1.92366e-05   2.28957e+02   2.53618e+02
7.58868e+02   200.000     28.02      3.215e+01   9.99581e-01   3.99832e-04   1.92366e-05   2.29038e+02   2.53630e+02
7.30836e+02   200.000     28.02      3.238e+01   9.99581e-01   3.99832e-04   1.92366e-05   2.29117e+02   2.53642e+02
7.03599e+02   200.000     28.02      3.262e+01   9.99581e-01   3.99832e-04   1.92366e-05   2.29194e+02   2.53654e+02
6.77119e+02   200.000     28.02      3.285e+01   9.99581e-01   3.99832e-04   1.92366e-05   2.29269e+02   2.53665e+02
6.51365e+02   200.000     28.02      3.309e+01   9.99581e-01   3.99832e-04   1.92366e-05   2.29342e+02   2.53676e+02
6.26302e+02   200.000     28.02      3.333e+01   9.99581e-01   3.99832e-04   1.92366e-05   2.29413e+02   2.53687e+02
6.01898e+02   200.000     28.02      3.357e+01   9.99581e-01   3.99832e-04   1.92366e-05   2.29483e+02   2.53698e+02
5.78123e+02   200.000     28.02      3.382e+01   9.99581e-01   3.99832e-04   1.92366e-05   2.29552e+02   2.53708e+02
5.54947e+02   200.000     28.02      3.407e+01   9.99581e-01   3.99832e-04   1.92366e-05   2.29618e+02   2.53718e+02
5.32342e+02   200.000     28.02      3.432e+01   9.99581e-01   3.99832e-04   1.92366e-05   2.29684e+02   2.53728e+02
5.10280e+02   200.000     28.02      3.458e+01   9.99581e-01   3.99832e-04   1.92366e-05   2.29748e+02   2.53738e+02
4.88735e+02   200.000     28.02      3.484e+01   9.99581e-01   3.99832e-04   1.92366e-05   2.29811e+02   2.53748e+02
4.67684e+02   200.000     28.02      3.511e+01   9.99581e-01   3.99832e-04   1.92366e-05   2.29872e+02   2.53757e+02
4.47103e+02   200.000     28.02      3.539e+01   9.99581e-01   3.99832e-04   1.92366e-05   2.29933e+02   2.53767e+02
4.26971e+02   200.000     28.02      3.567e+01   9.99581e-01   3.99832e-04   1.92366e-05   2.29992e+02   2.53776e+02
4.07269e+02   200.000     28.02      3.596e+01   9.99581e-01   3.99832e-04   1.92366e-05   2.30050e+02   2.53785e+02
3.87979e+02   200.000     28.02      3.626e+01   9.99581e-01   3.99832e-04   1.92366e-05   2.30107e+02   2.53794e+02
3.69085e+02   200.000     28.02      3.656e+01   9.99581e-01   3.99832e-04   1.92366e-05   2.30163e+02   2.53803e+02
3.50575e+02   200.000     28.02      3.688e+01   9.99581e-01   3.99832e-04   1.92366e-05   2.30219e+02   2.53812e+02
3.32437e+02   200.000     28.02      3.720e+01   9.99581e-01   3.99832e-04   1.92366e-05   2.30273e+02   2.53820e+02
3.14663e+02   200.000     28.02      3.754e+01   9.99581e-01   3.99832e-04   1.92366e-05   2.30326e+02   2.53829e+02
2.97246e+02   200.000     28.02      3.789e+01   9.99581e-01   3.99832e-04   1.92366e-05   2.30379e+02   2.53837e+02
2.80184e+02   200.000     28.02      3.825e+01   9.99581e-01   3.99832e-04   1.92366e-05   2.30430e+02   2.53845e+02
2.63478e+02   200.000     28.02      3.862e+01   9.99581e-01   3.99832e-04   1.92366e-05   2.30481e+02   2.53853e+02
2.47129e+02   200.000     28.02      3.902e+01   9.99581e-01   3.99832e-04   1.92366e-05   2.30530e+02   2.53861e+02
2.31145e+02   200.000     28.02      3.943e+01   9.99581e-01   3.99832e-04   1.92366e-05   2.30579e+02   2.53869e+02
2.15536e+02   200.000     28.02      3.985e+01   9.99581e-01   3.99832e-04   1.92366e-05   2.30627e+02   2.53876e+02
2.00313e+02   200.000     28.02      4.030e+01   9.99581e-01   3.99832e-04   1.92366e-05   2.30673e+02   2.53884e+02
1.85495e+02   200.000     28.02      4.077e+01   9.99581e-01   3.99832e-04   1.92366e-05   2.30719e+02   2.53891e+02
1.71099e+02   200.000     28.02      4.127e+01   9.99581e-01   3.99832e-04   1.92366e-05   2.30764e+02   2.53898e+02
1.57150e+02   200.000     28.02      4.179e+01   9.99581e-01   3.99832e-04   1.92366e-05   2.30807e+02   2.53905e+02
1.43671e+02   200.000     28.02      4.234e+01   9.99581e-01   3.99832e-04   1.92366e-05   2.30850e+02   2.53911e+02
1.30690e+02   200.000     28.02      4.292e+01   9.99581e-01   3.99832e-04   1.92366e-05   2.30891e+02   2.53918e+02
1.18236e+02   200.000     28.02      4.353e+01   9.99581e-01   3.99832e-04   1.92366e-05   2.30931e+02   2.53924e+02
1.06339e+02   200.000     28.02      4.419e+01   9.99581e-01   3.99832e-04   1.92366e-05   2.30970e+02   2.53930e+02
9.50294e+01   200.000     28.02      4.488e+01   9.99581e-01   3.99832e-04   1.92366e-05   2.31008e+02   2.53935e+02
8.43361e+01   200.000     28.02      4.561e+01   9.99581e-01   3.99832e-04   1.92366e-05   2.31043e+02   2.53940e+02
7.42868e+01   200.000     28.02      4.639e+01   9.99581e-01   3.99832e-04   1.92366e-05   2.31077e+02   2.53946e+02
6.49059e+01   200.000     28.02      4.721e+01   9.99581e-01   3.99832e-04   1.92366e-05   2.31109e+02   2.53950e+02
5.62140e+01   200.000     28.02      4.810e+01   9.99581e-01   3.99832e-04   1.92366e-05   2.31139e+02   2.53955e+02
4.82262e+01   200.000     28.02      4.904e+01   9.99581e-01   3.99832e-04   1.92366e-05   2.31166e+02   2.53959e+02
4.09512e+01   200.000     28.02      5.004e+01   9.99581e-01   3.99832e-04   1.92366e-05   2.31192e+02   2.53963e+02
3.43905e+01   200.000     28.02      5.112e+01   9.99581e-01   3.99832e-04   1.92366e-05   2.31215e+02   2.53966e+02
2.85375e+01   200.000     28.02      5.226e+01   9.99581e-01   3.99832e-04   1.92366e-05   2.31236e+02   2.53970e+02
2.33769e+01   200.000     28.02      5.349e+01   9.99581e-01   3.99832e-04   1.92366e-05   2.31255e+02   2.53973e+02
1.88846e+01   200.000     28.02      5.480e+01   9.99581e-01   3.99832e-04   1.92366e-05   2.31272e+02   2.53975e+02
1.50282e+01   200.000     28.02      5.621e+01   9.99581e-01   3.99832e-04   1.92366e-05   2.31286e+02   2.53978e+02
1.17672e+01   200.000     28.02      5.771e+01   9.99581e-01   3.99832e-04   1.92366e-05   2.31299e+02   2.53980e+02
9.05450e+00   200.000     28.02      5.933e+01   9.99581e-01   3.99832e-04   1.92366e-05   2.31309e+02   2.53983e+02
6.83746e+00   200.000     28.02      6.106e+01   9.99581e-01   3.99832e-04   1.92366e-05   2.31318e+02   2.53985e+02
5.05985e+00   200.000     28.02      6.292e+01   9.99581e-01   3.99832e-04   1.92366e-05   2.31325e+02   2.53987e+02
3.66374e+00   200.000     28.02      6.491e+01   9.99581e-01   3.99832e-04   1.92366e-05   2.31331e+02   2.53989e+02
2.59142e+00   200.000     28.02      6.705e+01   9.99581e-01   3.99832e-04   1.92366e-05   2.31335e+02   2.53990e+02
1.78735e+00   200.000     28.02      6.934e+01   9.99581e-01   3.99832e-04   1.92366e-05   2.31339e+02   2.53992e+02
1.19983e+00   200.000     28.02      7.181e+01   9.99581e-01   3.99832e-04   1.92366e-05   2.31342e+02   2.53993e+02
7.82330e-01   200.000     28.02      7.445e+01   9.99581e-01   3.99832e-04   1.92366e-05   2.31344e+02   2.53994e+02
4.94405e-01   200.000     28.02      7.729e+01   9.99581e-01   3.99832e-04   1.92366e-05   2.31346e+02   2.53994e+02
3.02131e-01   200.000     28.02      8.034e+01   9.99581e-01   3.99832e-04   1.92366e-05   2.31347e+02   2.53995e+02
1.78097e-01   200.000     28.02      8.362e+01   9.99581e-01   3.99832e-04   1.92366e-05   2.31349e+02   2.53996e+02
1.01000e-01   200.000     28.02      8.715e+01   9.99581e-01   3.99832e-04   1.92366e-05   2.31350e+02   2.53996e+02
