# Model name: Exo_k
# Diameter: 12756.2				# Diameter of the planet [km]
# Gravity: 9.81				# Gravity at the surface of the atmosphere [m/s2]
# Star-distance: 1				# Planet-star distance [ua]
# Star-type: Sun				# Host-star type
# Star-temperature: 5770				# Host-star temperature [K]
# Wavelength-min: N/A				# Minimum wavelength [um]
# Wavelength-max: N/A				# Maximum wavelength [um]
# Radiance-unit: W/m^2				# Radiation output unit
# Surface-temperature: 288.0				# Surface temperature [K]
# Surface-albedo: 0.32				# Surface albedo
# Surface-emissivity: 0.9				# Surface emissivity
# Opacity: corrk + continuum				# corrk + continuum
# Line opacities: H2O, CO2
# CIA opacities: H2O-H2O, H2O-N2, CO2-CO2, N2-N2
# Rayleigh opacities: N2, CO2, H2O
# Outgoing thermal radiation - OTR (W/m^2): 241.88521518011274
# Absorbed stellar radiation - ASR (W/m^2): 248.77327585799
# Atmosphere-description: Modern Earth
# Atmosphere-columns: P T MMW Alt vmrN2 vmrCO2 vmrH2O OTR ASR
# units: Pa K g/mol km N/A N/A N/A W/m^2 W/m^2
# Atmosphere-fit-T: N/A
# Atmosphere-fit-N2 N/A
# Atmosphere-fit-CO2: N/A
# Atmosphere-fit-H2O: N/A
# Atmosphere-layers: 201
#   P (Pa)     T (K)   MMW (g/mol)    Alt (km)       N2           CO2            H2O           OTR           ASR
1.01729e+05   288.000     27.86      0.000e+00   9.83002e-01   3.93201e-04   1.66045e-02   5.91970e+01   1.79816e+02
9.82738e+04   286.630     27.87      3.013e-01   9.83876e-01   3.93550e-04   1.57309e-02   6.68828e+01   1.82636e+02
9.49358e+04   285.250     27.88      6.012e-01   9.84731e-01   3.93892e-04   1.48753e-02   7.39104e+01   1.85345e+02
9.17111e+04   283.860     27.88      8.995e-01   9.85567e-01   3.94227e-04   1.40385e-02   8.04311e+01   1.87962e+02
8.85960e+04   282.450     27.89      1.196e+00   9.86384e-01   3.94554e-04   1.32212e-02   8.64774e+01   1.90500e+02
8.55867e+04   281.020     27.90      1.491e+00   9.87181e-01   3.94872e-04   1.24240e-02   9.20711e+01   1.92967e+02
8.26796e+04   279.570     27.91      1.785e+00   9.87957e-01   3.95183e-04   1.16477e-02   9.72382e+01   1.95368e+02
7.98713e+04   278.110     27.91      2.077e+00   9.88711e-01   3.95485e-04   1.08931e-02   1.02038e+02   1.97707e+02
7.71584e+04   276.620     27.92      2.368e+00   9.89443e-01   3.95777e-04   1.01609e-02   1.06504e+02   1.99987e+02
7.45376e+04   275.120     27.93      2.656e+00   9.90152e-01   3.96061e-04   9.45192e-03   1.10730e+02   2.02213e+02
7.20058e+04   273.590     27.94      2.943e+00   9.90837e-01   3.96335e-04   8.76691e-03   1.14787e+02   2.04391e+02
6.95600e+04   272.040     27.94      3.229e+00   9.91497e-01   3.96599e-04   8.10666e-03   1.18755e+02   2.06523e+02
6.71973e+04   270.470     27.95      3.513e+00   9.92131e-01   3.96853e-04   7.47188e-03   1.22706e+02   2.08610e+02
6.49148e+04   268.870     27.95      3.795e+00   9.92740e-01   3.97096e-04   6.86305e-03   1.26688e+02   2.10652e+02
6.27099e+04   267.250     27.96      4.075e+00   9.93322e-01   3.97329e-04   6.28094e-03   1.30754e+02   2.12652e+02
6.05799e+04   265.590     27.96      4.354e+00   9.93876e-01   3.97550e-04   5.72626e-03   1.34911e+02   2.14610e+02
5.85222e+04   263.910     27.97      4.630e+00   9.94403e-01   3.97761e-04   5.19967e-03   1.39183e+02   2.16528e+02
5.65344e+04   262.200     27.97      4.905e+00   9.94900e-01   3.97960e-04   4.70173e-03   1.43557e+02   2.18405e+02
5.46141e+04   260.470     27.98      5.179e+00   9.95369e-01   3.98148e-04   4.23288e-03   1.48023e+02   2.20241e+02
5.27591e+04   258.700     27.98      5.450e+00   9.95808e-01   3.98323e-04   3.79344e-03   1.52528e+02   2.22032e+02
5.09670e+04   256.900     27.99      5.719e+00   9.96218e-01   3.98487e-04   3.38358e-03   1.57025e+02   2.23776e+02
4.92359e+04   255.070     27.99      5.987e+00   9.96598e-01   3.98639e-04   3.00328e-03   1.61464e+02   2.25469e+02
4.75635e+04   253.220     27.99      6.252e+00   9.96949e-01   3.98780e-04   2.65234e-03   1.65809e+02   2.27105e+02
4.59479e+04   251.330     28.00      6.516e+00   9.97271e-01   3.98908e-04   2.33035e-03   1.70012e+02   2.28678e+02
4.43872e+04   249.420     28.00      6.777e+00   9.97564e-01   3.99026e-04   2.03669e-03   1.74060e+02   2.30184e+02
4.28795e+04   247.490     28.00      7.037e+00   9.97830e-01   3.99132e-04   1.77053e-03   1.77953e+02   2.31618e+02
4.14231e+04   245.530     28.01      7.294e+00   9.98070e-01   3.99228e-04   1.53082e-03   1.81690e+02   2.32974e+02
4.00161e+04   243.550     28.01      7.549e+00   9.98284e-01   3.99314e-04   1.31633e-03   1.85288e+02   2.34250e+02
3.86569e+04   241.520     28.01      7.802e+00   9.98475e-01   3.99390e-04   1.12566e-03   1.88733e+02   2.35444e+02
3.73438e+04   239.520     28.01      8.053e+00   9.98643e-01   3.99457e-04   9.57680e-04   1.92079e+02   2.36554e+02
3.60754e+04   237.480     28.01      8.302e+00   9.98790e-01   3.99516e-04   8.10235e-04   1.95321e+02   2.37584e+02
3.48500e+04   235.430     28.01      8.549e+00   9.98919e-01   3.99567e-04   6.81798e-04   1.98460e+02   2.38534e+02
3.36663e+04   233.360     28.01      8.794e+00   9.99030e-01   3.99612e-04   5.70751e-04   2.01480e+02   2.39403e+02
3.25228e+04   231.270     28.02      9.036e+00   9.99125e-01   3.99650e-04   4.75432e-04   2.04363e+02   2.40194e+02
3.14181e+04   229.180     28.02      9.277e+00   9.99206e-01   3.99682e-04   3.94180e-04   2.07097e+02   2.40906e+02
3.03509e+04   227.080     28.02      9.515e+00   9.99275e-01   3.99710e-04   3.25374e-04   2.09651e+02   2.41542e+02
2.93200e+04   224.990     28.02      9.751e+00   9.99333e-01   3.99733e-04   2.67464e-04   2.12023e+02   2.42104e+02
2.83241e+04   222.900     28.02      9.984e+00   9.99381e-01   3.99752e-04   2.19004e-04   2.14202e+02   2.42597e+02
2.73621e+04   220.820     28.02      1.022e+01   9.99422e-01   3.99769e-04   1.78664e-04   2.16184e+02   2.43024e+02
2.64327e+04   218.750     28.02      1.045e+01   9.99455e-01   3.99782e-04   1.45244e-04   2.17959e+02   2.43391e+02
2.55348e+04   216.700     28.02      1.067e+01   9.99483e-01   3.99793e-04   1.17679e-04   2.19520e+02   2.43704e+02
2.46675e+04   214.670     28.02      1.090e+01   9.99505e-01   3.99802e-04   9.50318e-05   2.20862e+02   2.43968e+02
2.38296e+04   212.670     28.02      1.112e+01   9.99524e-01   3.99809e-04   7.64924e-05   2.21988e+02   2.44192e+02
2.30202e+04   210.680     28.02      1.134e+01   9.99539e-01   3.99816e-04   6.13650e-05   2.22900e+02   2.44381e+02
2.22383e+04   208.720     28.02      1.156e+01   9.99551e-01   3.99820e-04   4.90588e-05   2.23610e+02   2.44539e+02
2.14830e+04   206.780     28.02      1.178e+01   9.99561e-01   3.99824e-04   3.90758e-05   2.24134e+02   2.44670e+02
2.07533e+04   204.860     28.02      1.199e+01   9.99569e-01   3.99828e-04   3.09990e-05   2.24485e+02   2.44780e+02
2.00483e+04   202.970     28.02      1.221e+01   9.99576e-01   3.99830e-04   2.44816e-05   2.24671e+02   2.44872e+02
1.93674e+04   201.100     28.02      1.242e+01   9.99581e-01   3.99832e-04   1.92366e-05   2.24690e+02   2.44951e+02
1.87095e+04   200.000     28.02      1.263e+01   9.99581e-01   3.99832e-04   1.92366e-05   2.24661e+02   2.45026e+02
1.80740e+04   200.000     28.02      1.284e+01   9.99581e-01   3.99832e-04   1.92366e-05   2.24730e+02   2.45099e+02
1.74601e+04   200.000     28.02      1.305e+01   9.99581e-01   3.99832e-04   1.92366e-05   2.24854e+02   2.45171e+02
1.68671e+04   200.000     28.02      1.326e+01   9.99581e-01   3.99832e-04   1.92366e-05   2.25008e+02   2.45241e+02
1.62941e+04   200.000     28.02      1.347e+01   9.99581e-01   3.99832e-04   1.92366e-05   2.25183e+02   2.45311e+02
1.57407e+04   200.000     28.02      1.368e+01   9.99581e-01   3.99832e-04   1.92366e-05   2.25374e+02   2.45379e+02
1.52060e+04   200.000     28.02      1.389e+01   9.99581e-01   3.99832e-04   1.92366e-05   2.25577e+02   2.45446e+02
1.46895e+04   200.000     28.02      1.410e+01   9.99581e-01   3.99832e-04   1.92366e-05   2.25789e+02   2.45513e+02
1.41906e+04   200.000     28.02      1.431e+01   9.99581e-01   3.99832e-04   1.92366e-05   2.26009e+02   2.45578e+02
1.37086e+04   200.000     28.02      1.452e+01   9.99581e-01   3.99832e-04   1.92366e-05   2.26235e+02   2.45643e+02
1.32429e+04   200.000     28.02      1.473e+01   9.99581e-01   3.99832e-04   1.92366e-05   2.26466e+02   2.45708e+02
1.27931e+04   200.000     28.02      1.494e+01   9.99581e-01   3.99832e-04   1.92366e-05   2.26702e+02   2.45772e+02
1.23586e+04   200.000     28.02      1.515e+01   9.99581e-01   3.99832e-04   1.92366e-05   2.26941e+02   2.45835e+02
1.19388e+04   200.000     28.02      1.536e+01   9.99581e-01   3.99832e-04   1.92366e-05   2.27185e+02   2.45898e+02
1.15333e+04   200.000     28.02      1.557e+01   9.99581e-01   3.99832e-04   1.92366e-05   2.27431e+02   2.45962e+02
1.11416e+04   200.000     28.02      1.578e+01   9.99581e-01   3.99832e-04   1.92366e-05   2.27682e+02   2.46025e+02
1.07631e+04   200.000     28.02      1.599e+01   9.99581e-01   3.99832e-04   1.92366e-05   2.27935e+02   2.46088e+02
1.03975e+04   200.000     28.02      1.620e+01   9.99581e-01   3.99832e-04   1.92366e-05   2.28193e+02   2.46152e+02
1.00444e+04   200.000     28.02      1.641e+01   9.99581e-01   3.99832e-04   1.92366e-05   2.28454e+02   2.46216e+02
9.70318e+03   200.000     28.02      1.662e+01   9.99581e-01   3.99832e-04   1.92366e-05   2.28716e+02   2.46280e+02
9.37360e+03   200.000     28.02      1.683e+01   9.99581e-01   3.99832e-04   1.92366e-05   2.28977e+02   2.46342e+02
9.05521e+03   200.000     28.02      1.704e+01   9.99581e-01   3.99832e-04   1.92366e-05   2.29238e+02   2.46404e+02
8.74764e+03   200.000     28.02      1.725e+01   9.99581e-01   3.99832e-04   1.92366e-05   2.29498e+02   2.46464e+02
8.45051e+03   200.000     28.02      1.746e+01   9.99581e-01   3.99832e-04   1.92366e-05   2.29757e+02   2.46524e+02
8.16347e+03   200.000     28.02      1.767e+01   9.99581e-01   3.99832e-04   1.92366e-05   2.30014e+02   2.46582e+02
7.88619e+03   200.000     28.02      1.788e+01   9.99581e-01   3.99832e-04   1.92366e-05   2.30270e+02   2.46640e+02
7.61832e+03   200.000     28.02      1.809e+01   9.99581e-01   3.99832e-04   1.92366e-05   2.30524e+02   2.46697e+02
7.35955e+03   200.000     28.02      1.830e+01   9.99581e-01   3.99832e-04   1.92366e-05   2.30777e+02   2.46752e+02
7.10957e+03   200.000     28.02      1.851e+01   9.99581e-01   3.99832e-04   1.92366e-05   2.31027e+02   2.46806e+02
6.86808e+03   200.000     28.02      1.872e+01   9.99581e-01   3.99832e-04   1.92366e-05   2.31276e+02   2.46860e+02
6.63479e+03   200.000     28.02      1.893e+01   9.99581e-01   3.99832e-04   1.92366e-05   2.31522e+02   2.46912e+02
6.40943e+03   200.000     28.02      1.914e+01   9.99581e-01   3.99832e-04   1.92366e-05   2.31766e+02   2.46963e+02
6.19172e+03   200.000     28.02      1.935e+01   9.99581e-01   3.99832e-04   1.92366e-05   2.32007e+02   2.47013e+02
5.98140e+03   200.000     28.02      1.956e+01   9.99581e-01   3.99832e-04   1.92366e-05   2.32246e+02   2.47062e+02
5.77823e+03   200.000     28.02      1.977e+01   9.99581e-01   3.99832e-04   1.92366e-05   2.32482e+02   2.47110e+02
5.58196e+03   200.000     28.02      1.998e+01   9.99581e-01   3.99832e-04   1.92366e-05   2.32716e+02   2.47157e+02
5.39235e+03   200.000     28.02      2.019e+01   9.99581e-01   3.99832e-04   1.92366e-05   2.32947e+02   2.47203e+02
5.20918e+03   200.000     28.02      2.040e+01   9.99581e-01   3.99832e-04   1.92366e-05   2.33174e+02   2.47247e+02
5.03224e+03   200.000     28.02      2.061e+01   9.99581e-01   3.99832e-04   1.92366e-05   2.33399e+02   2.47290e+02
4.86130e+03   200.000     28.02      2.082e+01   9.99581e-01   3.99832e-04   1.92366e-05   2.33620e+02   2.47332e+02
4.69616e+03   200.000     28.02      2.103e+01   9.99581e-01   3.99832e-04   1.92366e-05   2.33839e+02   2.47374e+02
4.53664e+03   200.000     28.02      2.124e+01   9.99581e-01   3.99832e-04   1.92366e-05   2.34053e+02   2.47413e+02
4.38253e+03   200.000     28.02      2.145e+01   9.99581e-01   3.99832e-04   1.92366e-05   2.34265e+02   2.47452e+02
4.23365e+03   200.000     28.02      2.167e+01   9.99581e-01   3.99832e-04   1.92366e-05   2.34473e+02   2.47490e+02
4.08983e+03   200.000     28.02      2.188e+01   9.99581e-01   3.99832e-04   1.92366e-05   2.34677e+02   2.47527e+02
3.95088e+03   200.000     28.02      2.209e+01   9.99581e-01   3.99832e-04   1.92366e-05   2.34877e+02   2.47562e+02
3.81666e+03   200.000     28.02      2.230e+01   9.99581e-01   3.99832e-04   1.92366e-05   2.35074e+02   2.47597e+02
3.68699e+03   200.000     28.02      2.251e+01   9.99581e-01   3.99832e-04   1.92366e-05   2.35266e+02   2.47631e+02
3.56172e+03   200.000     28.02      2.272e+01   9.99581e-01   3.99832e-04   1.92366e-05   2.35455e+02   2.47663e+02
3.44070e+03   200.000     28.02      2.293e+01   9.99581e-01   3.99832e-04   1.92366e-05   2.35640e+02   2.47695e+02
3.32379e+03   200.000     28.02      2.314e+01   9.99581e-01   3.99832e-04   1.92366e-05   2.35821e+02   2.47726e+02
3.21084e+03   200.000     28.02      2.335e+01   9.99581e-01   3.99832e-04   1.92366e-05   2.35998e+02   2.47756e+02
3.10172e+03   200.000     28.02      2.356e+01   9.99581e-01   3.99832e-04   1.92366e-05   2.36171e+02   2.47785e+02
2.99631e+03   200.000     28.02      2.377e+01   9.99581e-01   3.99832e-04   1.92366e-05   2.36340e+02   2.47813e+02
2.89446e+03   200.000     28.02      2.398e+01   9.99581e-01   3.99832e-04   1.92366e-05   2.36505e+02   2.47840e+02
2.79607e+03   200.000     28.02      2.419e+01   9.99581e-01   3.99832e-04   1.92366e-05   2.36667e+02   2.47866e+02
2.70101e+03   200.000     28.02      2.440e+01   9.99581e-01   3.99832e-04   1.92366e-05   2.36824e+02   2.47892e+02
2.60916e+03   200.000     28.02      2.462e+01   9.99581e-01   3.99832e-04   1.92366e-05   2.36977e+02   2.47917e+02
2.52043e+03   200.000     28.02      2.483e+01   9.99581e-01   3.99832e-04   1.92366e-05   2.37126e+02   2.47941e+02
2.43470e+03   200.000     28.02      2.504e+01   9.99581e-01   3.99832e-04   1.92366e-05   2.37272e+02   2.47965e+02
2.35186e+03   200.000     28.02      2.525e+01   9.99581e-01   3.99832e-04   1.92366e-05   2.37414e+02   2.47987e+02
2.27183e+03   200.000     28.02      2.546e+01   9.99581e-01   3.99832e-04   1.92366e-05   2.37552e+02   2.48010e+02
2.19450e+03   200.000     28.02      2.567e+01   9.99581e-01   3.99832e-04   1.92366e-05   2.37686e+02   2.48031e+02
2.11978e+03   200.000     28.02      2.588e+01   9.99581e-01   3.99832e-04   1.92366e-05   2.37816e+02   2.48052e+02
2.04757e+03   200.000     28.02      2.609e+01   9.99581e-01   3.99832e-04   1.92366e-05   2.37943e+02   2.48072e+02
1.97780e+03   200.000     28.02      2.630e+01   9.99581e-01   3.99832e-04   1.92366e-05   2.38067e+02   2.48092e+02
1.91038e+03   200.000     28.02      2.652e+01   9.99581e-01   3.99832e-04   1.92366e-05   2.38187e+02   2.48111e+02
1.84522e+03   200.000     28.02      2.673e+01   9.99581e-01   3.99832e-04   1.92366e-05   2.38303e+02   2.48130e+02
1.78224e+03   200.000     28.02      2.694e+01   9.99581e-01   3.99832e-04   1.92366e-05   2.38416e+02   2.48148e+02
1.72138e+03   200.000     28.02      2.715e+01   9.99581e-01   3.99832e-04   1.92366e-05   2.38526e+02   2.48166e+02
1.66255e+03   200.000     28.02      2.736e+01   9.99581e-01   3.99832e-04   1.92366e-05   2.38633e+02   2.48183e+02
1.60569e+03   200.000     28.02      2.758e+01   9.99581e-01   3.99832e-04   1.92366e-05   2.38737e+02   2.48200e+02
1.55072e+03   200.000     28.02      2.779e+01   9.99581e-01   3.99832e-04   1.92366e-05   2.38837e+02   2.48216e+02
1.49758e+03   200.000     28.02      2.800e+01   9.99581e-01   3.99832e-04   1.92366e-05   2.38934e+02   2.48232e+02
1.44620e+03   200.000     28.02      2.821e+01   9.99581e-01   3.99832e-04   1.92366e-05   2.39029e+02   2.48247e+02
1.39652e+03   200.000     28.02      2.843e+01   9.99581e-01   3.99832e-04   1.92366e-05   2.39120e+02   2.48262e+02
1.34847e+03   200.000     28.02      2.864e+01   9.99581e-01   3.99832e-04   1.92366e-05   2.39208e+02   2.48276e+02
1.30201e+03   200.000     28.02      2.886e+01   9.99581e-01   3.99832e-04   1.92366e-05   2.39294e+02   2.48290e+02
1.25706e+03   200.000     28.02      2.907e+01   9.99581e-01   3.99832e-04   1.92366e-05   2.39377e+02   2.48304e+02
1.21358e+03   200.000     28.02      2.929e+01   9.99581e-01   3.99832e-04   1.92366e-05   2.39458e+02   2.48317e+02
1.17151e+03   200.000     28.02      2.950e+01   9.99581e-01   3.99832e-04   1.92366e-05   2.39535e+02   2.48330e+02
1.13079e+03   200.000     28.02      2.972e+01   9.99581e-01   3.99832e-04   1.92366e-05   2.39611e+02   2.48342e+02
1.09138e+03   200.000     28.02      2.993e+01   9.99581e-01   3.99832e-04   1.92366e-05   2.39684e+02   2.48354e+02
1.05323e+03   200.000     28.02      3.015e+01   9.99581e-01   3.99832e-04   1.92366e-05   2.39754e+02   2.48366e+02
1.01629e+03   200.000     28.02      3.037e+01   9.99581e-01   3.99832e-04   1.92366e-05   2.39822e+02   2.48377e+02
9.80504e+02   200.000     28.02      3.059e+01   9.99581e-01   3.99832e-04   1.92366e-05   2.39889e+02   2.48388e+02
9.45837e+02   200.000     28.02      3.081e+01   9.99581e-01   3.99832e-04   1.92366e-05   2.39953e+02   2.48399e+02
9.12242e+02   200.000     28.02      3.103e+01   9.99581e-01   3.99832e-04   1.92366e-05   2.40016e+02   2.48410e+02
8.79675e+02   200.000     28.02      3.125e+01   9.99581e-01   3.99832e-04   1.92366e-05   2.40077e+02   2.48420e+02
8.48094e+02   200.000     28.02      3.147e+01   9.99581e-01   3.99832e-04   1.92366e-05   2.40136e+02   2.48430e+02
8.17458e+02   200.000     28.02      3.170e+01   9.99581e-01   3.99832e-04   1.92366e-05   2.40194e+02   2.48440e+02
7.87729e+02   200.000     28.02      3.193e+01   9.99581e-01   3.99832e-04   1.92366e-05   2.40250e+02   2.48450e+02
7.58868e+02   200.000     28.02      3.215e+01   9.99581e-01   3.99832e-04   1.92366e-05   2.40304e+02   2.48459e+02
7.30836e+02   200.000     28.02      3.238e+01   9.99581e-01   3.99832e-04   1.92366e-05   2.40358e+02   2.48468e+02
7.03599e+02   200.000     28.02      3.262e+01   9.99581e-01   3.99832e-04   1.92366e-05   2.40410e+02   2.48478e+02
6.77119e+02   200.000     28.02      3.285e+01   9.99581e-01   3.99832e-04   1.92366e-05   2.40460e+02   2.48487e+02
6.51365e+02   200.000     28.02      3.309e+01   9.99581e-01   3.99832e-04   1.92366e-05   2.40510e+02   2.48495e+02
6.26302e+02   200.000     28.02      3.333e+01   9.99581e-01   3.99832e-04   1.92366e-05   2.40558e+02   2.48504e+02
6.01898e+02   200.000     28.02      3.357e+01   9.99581e-01   3.99832e-04   1.92366e-05   2.40605e+02   2.48513e+02
5.78123e+02   200.000     28.02      3.382e+01   9.99581e-01   3.99832e-04   1.92366e-05   2.40651e+02   2.48521e+02
5.54947e+02   200.000     28.02      3.407e+01   9.99581e-01   3.99832e-04   1.92366e-05   2.40696e+02   2.48529e+02
5.32342e+02   200.000     28.02      3.432e+01   9.99581e-01   3.99832e-04   1.92366e-05   2.40741e+02   2.48537e+02
5.10280e+02   200.000     28.02      3.458e+01   9.99581e-01   3.99832e-04   1.92366e-05   2.40784e+02   2.48546e+02
4.88735e+02   200.000     28.02      3.484e+01   9.99581e-01   3.99832e-04   1.92366e-05   2.40826e+02   2.48553e+02
4.67684e+02   200.000     28.02      3.511e+01   9.99581e-01   3.99832e-04   1.92366e-05   2.40868e+02   2.48561e+02
4.47103e+02   200.000     28.02      3.539e+01   9.99581e-01   3.99832e-04   1.92366e-05   2.40909e+02   2.48569e+02
4.26971e+02   200.000     28.02      3.567e+01   9.99581e-01   3.99832e-04   1.92366e-05   2.40949e+02   2.48577e+02
4.07269e+02   200.000     28.02      3.596e+01   9.99581e-01   3.99832e-04   1.92366e-05   2.40988e+02   2.48584e+02
3.87979e+02   200.000     28.02      3.626e+01   9.99581e-01   3.99832e-04   1.92366e-05   2.41027e+02   2.48592e+02
3.69085e+02   200.000     28.02      3.656e+01   9.99581e-01   3.99832e-04   1.92366e-05   2.41065e+02   2.48599e+02
3.50575e+02   200.000     28.02      3.688e+01   9.99581e-01   3.99832e-04   1.92366e-05   2.41103e+02   2.48606e+02
3.32437e+02   200.000     28.02      3.720e+01   9.99581e-01   3.99832e-04   1.92366e-05   2.41140e+02   2.48614e+02
3.14663e+02   200.000     28.02      3.754e+01   9.99581e-01   3.99832e-04   1.92366e-05   2.41176e+02   2.48621e+02
2.97246e+02   200.000     28.02      3.789e+01   9.99581e-01   3.99832e-04   1.92366e-05   2.41212e+02   2.48628e+02
2.80184e+02   200.000     28.02      3.825e+01   9.99581e-01   3.99832e-04   1.92366e-05   2.41247e+02   2.48635e+02
2.63478e+02   200.000     28.02      3.862e+01   9.99581e-01   3.99832e-04   1.92366e-05   2.41281e+02   2.48641e+02
2.47129e+02   200.000     28.02      3.902e+01   9.99581e-01   3.99832e-04   1.92366e-05   2.41315e+02   2.48648e+02
2.31145e+02   200.000     28.02      3.943e+01   9.99581e-01   3.99832e-04   1.92366e-05   2.41349e+02   2.48655e+02
2.15536e+02   200.000     28.02      3.985e+01   9.99581e-01   3.99832e-04   1.92366e-05   2.41382e+02   2.48661e+02
2.00313e+02   200.000     28.02      4.030e+01   9.99581e-01   3.99832e-04   1.92366e-05   2.41415e+02   2.48667e+02
1.85495e+02   200.000     28.02      4.077e+01   9.99581e-01   3.99832e-04   1.92366e-05   2.41447e+02   2.48674e+02
1.71099e+02   200.000     28.02      4.127e+01   9.99581e-01   3.99832e-04   1.92366e-05   2.41479e+02   2.48680e+02
1.57150e+02   200.000     28.02      4.179e+01   9.99581e-01   3.99832e-04   1.92366e-05   2.41509e+02   2.48685e+02
1.43671e+02   200.000     28.02      4.234e+01   9.99581e-01   3.99832e-04   1.92366e-05   2.41539e+02   2.48691e+02
1.30690e+02   200.000     28.02      4.292e+01   9.99581e-01   3.99832e-04   1.92366e-05   2.41569e+02   2.48696e+02
1.18236e+02   200.000     28.02      4.353e+01   9.99581e-01   3.99832e-04   1.92366e-05   2.41597e+02   2.48702e+02
1.06339e+02   200.000     28.02      4.419e+01   9.99581e-01   3.99832e-04   1.92366e-05   2.41624e+02   2.48707e+02
9.50294e+01   200.000     28.02      4.488e+01   9.99581e-01   3.99832e-04   1.92366e-05   2.41650e+02   2.48711e+02
8.43361e+01   200.000     28.02      4.561e+01   9.99581e-01   3.99832e-04   1.92366e-05   2.41675e+02   2.48716e+02
7.42868e+01   200.000     28.02      4.639e+01   9.99581e-01   3.99832e-04   1.92366e-05   2.41699e+02   2.48721e+02
6.49059e+01   200.000     28.02      4.721e+01   9.99581e-01   3.99832e-04   1.92366e-05   2.41721e+02   2.48725e+02
5.62140e+01   200.000     28.02      4.810e+01   9.99581e-01   3.99832e-04   1.92366e-05   2.41742e+02   2.48729e+02
4.82262e+01   200.000     28.02      4.904e+01   9.99581e-01   3.99832e-04   1.92366e-05   2.41761e+02   2.48733e+02
4.09512e+01   200.000     28.02      5.004e+01   9.99581e-01   3.99832e-04   1.92366e-05   2.41779e+02   2.48737e+02
3.43905e+01   200.000     28.02      5.112e+01   9.99581e-01   3.99832e-04   1.92366e-05   2.41795e+02   2.48740e+02
2.85375e+01   200.000     28.02      5.226e+01   9.99581e-01   3.99832e-04   1.92366e-05   2.41809e+02   2.48744e+02
2.33769e+01   200.000     28.02      5.349e+01   9.99581e-01   3.99832e-04   1.92366e-05   2.41821e+02   2.48748e+02
1.88846e+01   200.000     28.02      5.480e+01   9.99581e-01   3.99832e-04   1.92366e-05   2.41831e+02   2.48751e+02
1.50282e+01   200.000     28.02      5.621e+01   9.99581e-01   3.99832e-04   1.92366e-05   2.41840e+02   2.48754e+02
1.17672e+01   200.000     28.02      5.771e+01   9.99581e-01   3.99832e-04   1.92366e-05   2.41847e+02   2.48757e+02
9.05450e+00   200.000     28.02      5.933e+01   9.99581e-01   3.99832e-04   1.92366e-05   2.41854e+02   2.48760e+02
6.83746e+00   200.000     28.02      6.106e+01   9.99581e-01   3.99832e-04   1.92366e-05   2.41860e+02   2.48762e+02
5.05985e+00   200.000     28.02      6.292e+01   9.99581e-01   3.99832e-04   1.92366e-05   2.41865e+02   2.48765e+02
3.66374e+00   200.000     28.02      6.491e+01   9.99581e-01   3.99832e-04   1.92366e-05   2.41870e+02   2.48766e+02
2.59142e+00   200.000     28.02      6.705e+01   9.99581e-01   3.99832e-04   1.92366e-05   2.41874e+02   2.48768e+02
1.78735e+00   200.000     28.02      6.934e+01   9.99581e-01   3.99832e-04   1.92366e-05   2.41878e+02   2.48769e+02
1.19983e+00   200.000     28.02      7.181e+01   9.99581e-01   3.99832e-04   1.92366e-05   2.41880e+02   2.48770e+02
7.82330e-01   200.000     28.02      7.445e+01   9.99581e-01   3.99832e-04   1.92366e-05   2.41882e+02   2.48771e+02
4.94405e-01   200.000     28.02      7.729e+01   9.99581e-01   3.99832e-04   1.92366e-05   2.41883e+02   2.48772e+02
3.02131e-01   200.000     28.02      8.034e+01   9.99581e-01   3.99832e-04   1.92366e-05   2.41884e+02   2.48772e+02
1.78097e-01   200.000     28.02      8.362e+01   9.99581e-01   3.99832e-04   1.92366e-05   2.41885e+02   2.48773e+02
1.01000e-01   200.000     28.02      8.715e+01   9.99581e-01   3.99832e-04   1.92366e-05   2.41885e+02   2.48773e+02
