# Model name = photochem.clima
# Diameter: 12742                # Diameter of the planet [km]
# Gravity: 9.81                 # Gravity at the surface of the atmosphere [m/s2]
# Star-distance: 1.000               # Planet-star distance [au]
# Star-type: Sun                 # Host-star type
# Star-temperature: 5772         # Host-star temperature [K]
# Wavelength-min: N/A            # Minimum wavelength [um]
# Wavelength-max: N/A            # Maximum wavelength [um]
# Radiance-unit: W/m^2           # Radiation output unit
# Surface-temperature: 286       # Surface temperature [K]
# Surface-albedo: 0.32           # Surface albedo
# Surface-emissivity: 0.90        # Surface emissivity
# Opacity: corrk + continuum     # corrk + continuum, other ? 
# Line opacities = H2O, CO2
# CIA opacities = H2O-H2O, H2O-N2, CO2-CO2, N2-N2
# Rayleigh opacities = N2, CO2, H2O
# Outgoing longwave radiation (W/m^2) = 238.42
# Absorbed stellar radiation (W/m^2) = 238.42
# Atmosphere-description: Modern Earth
# Atmosphere-columns: P T MMW Alt N2 CO2 H2O OTR ASR
# Atmosphere-fit-T: N/A
# Atmosphere-fit-H2: N/A
# Atmosphere-fit-He: N/A
# Atmosphere-fit-H2O: N/A
# Atmosphere-fit-CH4: N/A
# Atmosphere-layers: 100
# P (Pa)        T (K)         MMW (g/mol)   Alt (km)      N2            CO2           H2O           OTR           ASR       
9.981e+04     285.8115      27.8734       0.0000        9.8486e-01    3.9395e-04    1.4741e-02    5.8574e+01    1.7511e+02    
9.423e+04     283.3415      27.8734       0.4975        9.8632e-01    3.9453e-04    1.3286e-02    8.3936e+01    1.8427e+02    
8.398e+04     278.2283      27.9007       1.4786        9.8904e-01    3.9562e-04    1.0567e-02    1.0254e+02    1.9248e+02    
7.485e+04     272.8853      27.9251       2.4409        9.9148e-01    3.9659e-04    8.1281e-03    1.1781e+02    2.0016e+02    
6.671e+04     267.8335      27.9469       3.3845        9.9366e-01    3.9746e-04    5.9425e-03    1.3346e+02    2.0725e+02    
5.946e+04     262.3221      27.9653       4.3093        9.9550e-01    3.9820e-04    4.1022e-03    1.5002e+02    2.1367e+02    
5.299e+04     256.3033      27.9799       5.2138        9.9696e-01    3.9878e-04    2.6453e-03    1.6610e+02    2.1937e+02    
4.723e+04     249.7817      27.9906       6.0962        9.9802e-01    3.9921e-04    1.5813e-03    1.8101e+02    2.2420e+02    
4.210e+04     242.8398      27.9976       6.9550        9.9873e-01    3.9949e-04    8.7517e-04    1.9442e+02    2.2814e+02    
3.752e+04     235.6280      28.0019       7.7893        9.9915e-01    3.9966e-04    4.5127e-04    2.0630e+02    2.3110e+02    
3.344e+04     228.3165      28.0042       8.5984        9.9938e-01    3.9975e-04    2.1914e-04    2.1627e+02    2.3313e+02    
2.980e+04     221.0460      28.0054       9.3821        9.9950e-01    3.9980e-04    1.0130e-04    2.2405e+02    2.3446e+02    
2.656e+04     213.9086      28.0059       10.1409       9.9956e-01    3.9982e-04    4.4928e-05    2.2954e+02    2.3531e+02    
2.367e+04     206.9544      28.0062       10.8753       9.9958e-01    3.9983e-04    1.9207e-05    2.3313e+02    2.3585e+02    
2.110e+04     200.2058      28.0063       11.5859       9.9959e-01    3.9984e-04    7.9321e-06    2.3521e+02    2.3619e+02    
1.881e+04     193.6701      28.0064       12.2735       9.9960e-01    3.9984e-04    3.1668e-06    2.3625e+02    2.3642e+02    
1.676e+04     187.3467      28.0064       12.9388       9.9960e-01    3.9984e-04    1.2220e-06    2.3658e+02    2.3658e+02    
1.494e+04     182.9971      28.0064       13.5856       9.9960e-01    3.9984e-04    6.3078e-07    2.3672e+02    2.3672e+02    
1.331e+04     180.0464      28.0064       14.2197       9.9960e-01    3.9984e-04    4.0925e-07    2.3684e+02    2.3684e+02    
1.187e+04     177.5068      28.0064       14.8444       9.9960e-01    3.9984e-04    2.8248e-07    2.3695e+02    2.3695e+02    
1.058e+04     175.2509      28.0064       15.4609       9.9960e-01    3.9984e-04    2.0347e-07    2.3705e+02    2.3705e+02    
9.426e+03     173.1596      28.0064       16.0698       9.9960e-01    3.9984e-04    1.4984e-07    2.3715e+02    2.3715e+02    
8.401e+03     171.1705      28.0064       16.6717       9.9960e-01    3.9984e-04    1.1159e-07    2.3723e+02    2.3724e+02    
7.488e+03     169.2502      28.0064       17.2669       9.9960e-01    3.9984e-04    8.3529e-08    2.3731e+02    2.3732e+02    
6.674e+03     167.4006      28.0064       17.8557       9.9960e-01    3.9984e-04    6.2916e-08    2.3739e+02    2.3739e+02    
5.948e+03     165.6451      28.0064       18.4382       9.9960e-01    3.9984e-04    4.7969e-08    2.3746e+02    2.3746e+02    
5.301e+03     164.0176      28.0064       19.0149       9.9960e-01    3.9984e-04    3.7345e-08    2.3752e+02    2.3753e+02    
4.725e+03     162.5499      28.0064       19.5863       9.9960e-01    3.9984e-04    2.9950e-08    2.3759e+02    2.3759e+02    
4.211e+03     161.2581      28.0064       20.1530       9.9960e-01    3.9984e-04    2.4880e-08    2.3765e+02    2.3765e+02    
3.753e+03     160.1322      28.0064       20.7155       9.9960e-01    3.9984e-04    2.1399e-08    2.3770e+02    2.3771e+02    
3.345e+03     159.1366      28.0064       21.2745       9.9960e-01    3.9984e-04    1.8920e-08    2.3776e+02    2.3776e+02    
2.981e+03     158.2247      28.0064       21.8302       9.9960e-01    3.9984e-04    1.7024e-08    2.3781e+02    2.3781e+02    
2.657e+03     157.3477      28.0064       22.3828       9.9960e-01    3.9984e-04    1.5410e-08    2.3786e+02    2.3786e+02    
2.368e+03     156.4656      28.0064       22.9325       9.9960e-01    3.9984e-04    1.3899e-08    2.3790e+02    2.3790e+02    
2.111e+03     155.5635      28.0064       23.4791       9.9960e-01    3.9984e-04    1.2442e-08    2.3794e+02    2.3794e+02    
1.881e+03     154.6496      28.0064       24.0227       9.9960e-01    3.9984e-04    1.1076e-08    2.3797e+02    2.3798e+02    
1.677e+03     153.7528      28.0064       24.5631       9.9960e-01    3.9984e-04    9.8761e-09    2.3801e+02    2.3801e+02    
1.494e+03     152.9148      28.0064       25.1006       9.9960e-01    3.9984e-04    8.9186e-09    2.3804e+02    2.3804e+02    
1.332e+03     152.1806      28.0064       25.6355       9.9960e-01    3.9984e-04    8.2573e-09    2.3807e+02    2.3807e+02    
1.187e+03     151.5878      28.0064       26.1681       9.9960e-01    3.9984e-04    7.9227e-09    2.3809e+02    2.3810e+02    
1.058e+03     151.1599      28.0064       26.6990       9.9960e-01    3.9984e-04    7.9227e-09    2.3812e+02    2.3812e+02    
9.430e+02     150.9172      28.0064       27.2288       9.9960e-01    3.9984e-04    7.9227e-09    2.3814e+02    2.3814e+02    
8.405e+02     150.8398      28.0064       27.7582       9.9960e-01    3.9984e-04    7.9227e-09    2.3817e+02    2.3817e+02    
7.491e+02     150.8755      28.0064       28.2875       9.9960e-01    3.9984e-04    7.9227e-09    2.3819e+02    2.3819e+02    
6.676e+02     150.9792      28.0064       28.8172       9.9960e-01    3.9984e-04    7.9227e-09    2.3821e+02    2.3821e+02    
5.950e+02     151.1072      28.0064       29.3474       9.9960e-01    3.9984e-04    7.9227e-09    2.3823e+02    2.3823e+02    
5.303e+02     151.2258      28.0064       29.8781       9.9960e-01    3.9984e-04    7.9227e-09    2.3824e+02    2.3825e+02    
4.727e+02     151.3131      28.0064       30.4093       9.9960e-01    3.9984e-04    7.9227e-09    2.3826e+02    2.3826e+02    
4.213e+02     151.3584      28.0064       30.9408       9.9960e-01    3.9984e-04    7.9227e-09    2.3827e+02    2.3828e+02    
3.755e+02     151.3607      28.0064       31.4724       9.9960e-01    3.9984e-04    7.9227e-09    2.3829e+02    2.3829e+02    
3.346e+02     151.3270      28.0064       32.0041       9.9960e-01    3.9984e-04    7.9227e-09    2.3830e+02    2.3830e+02    
2.983e+02     151.2838      28.0064       32.5357       9.9960e-01    3.9984e-04    7.9227e-09    2.3831e+02    2.3831e+02    
2.658e+02     151.2328      28.0064       33.0673       9.9960e-01    3.9984e-04    7.9227e-09    2.3832e+02    2.3832e+02    
2.369e+02     151.1600      28.0064       33.5987       9.9960e-01    3.9984e-04    7.9227e-09    2.3833e+02    2.3833e+02    
2.112e+02     151.0702      28.0064       34.1300       9.9960e-01    3.9984e-04    7.9227e-09    2.3833e+02    2.3834e+02    
1.882e+02     150.9655      28.0064       34.6609       9.9960e-01    3.9984e-04    7.9227e-09    2.3834e+02    2.3834e+02    
1.677e+02     150.8535      28.0064       35.1916       9.9960e-01    3.9984e-04    7.9227e-09    2.3835e+02    2.3835e+02    
1.495e+02     150.7457      28.0064       35.7220       9.9960e-01    3.9984e-04    7.9227e-09    2.3835e+02    2.3835e+02    
1.332e+02     150.6578      28.0064       36.2522       9.9960e-01    3.9984e-04    7.9227e-09    2.3836e+02    2.3836e+02    
1.188e+02     150.6080      28.0064       36.7821       9.9960e-01    3.9984e-04    7.9227e-09    2.3836e+02    2.3836e+02    
1.058e+02     150.6158      28.0064       37.3121       9.9960e-01    3.9984e-04    7.9227e-09    2.3836e+02    2.3837e+02    
9.434e+01     150.7085      28.0064       37.8424       9.9960e-01    3.9984e-04    7.9227e-09    2.3837e+02    2.3837e+02    
8.408e+01     150.8996      28.0064       38.3732       9.9960e-01    3.9984e-04    7.9227e-09    2.3837e+02    2.3837e+02    
7.494e+01     151.1956      28.0064       38.9050       9.9960e-01    3.9984e-04    7.9227e-09    2.3837e+02    2.3837e+02    
6.679e+01     151.6144      28.0064       39.4381       9.9960e-01    3.9984e-04    7.9227e-09    2.3838e+02    2.3838e+02    
5.953e+01     152.1809      28.0064       39.9731       9.9960e-01    3.9984e-04    7.9227e-09    2.3838e+02    2.3838e+02    
5.305e+01     152.9270      28.0064       40.5104       9.9960e-01    3.9984e-04    7.9227e-09    2.3838e+02    2.3838e+02    
4.729e+01     153.8870      28.0064       41.0509       9.9960e-01    3.9984e-04    7.9227e-09    2.3838e+02    2.3838e+02    
4.214e+01     155.0858      28.0064       41.5952       9.9960e-01    3.9984e-04    7.9227e-09    2.3838e+02    2.3839e+02    
3.756e+01     156.5270      28.0064       42.1443       9.9960e-01    3.9984e-04    7.9227e-09    2.3838e+02    2.3839e+02    
3.348e+01     158.1836      28.0064       42.6990       9.9960e-01    3.9984e-04    7.9227e-09    2.3839e+02    2.3839e+02    
2.984e+01     159.9979      28.0064       43.2599       9.9960e-01    3.9984e-04    7.9227e-09    2.3839e+02    2.3839e+02    
2.659e+01     161.8915      28.0064       43.8274       9.9960e-01    3.9984e-04    7.9227e-09    2.3839e+02    2.3839e+02    
2.370e+01     163.7784      28.0064       44.4016       9.9960e-01    3.9984e-04    7.9227e-09    2.3839e+02    2.3839e+02    
2.112e+01     165.5735      28.0064       44.9825       9.9960e-01    3.9984e-04    7.9227e-09    2.3839e+02    2.3839e+02    
1.883e+01     167.2015      28.0064       45.5695       9.9960e-01    3.9984e-04    7.9227e-09    2.3839e+02    2.3840e+02    
1.678e+01     168.6017      28.0064       46.1620       9.9960e-01    3.9984e-04    7.9227e-09    2.3839e+02    2.3840e+02    
1.496e+01     169.7303      28.0064       46.7590       9.9960e-01    3.9984e-04    7.9227e-09    2.3840e+02    2.3840e+02    
1.333e+01     170.5599      28.0064       47.3596       9.9960e-01    3.9984e-04    7.9227e-09    2.3840e+02    2.3840e+02    
1.188e+01     171.0782      28.0064       47.9627       9.9960e-01    3.9984e-04    7.9227e-09    2.3840e+02    2.3840e+02    
1.059e+01     171.2860      28.0064       48.5672       9.9960e-01    3.9984e-04    7.9227e-09    2.3840e+02    2.3840e+02    
9.437e+00     171.1940      28.0064       49.1720       9.9960e-01    3.9984e-04    7.9227e-09    2.3840e+02    2.3840e+02    
8.411e+00     170.8225      28.0064       49.7761       9.9960e-01    3.9984e-04    7.9227e-09    2.3840e+02    2.3840e+02    
7.496e+00     170.1979      28.0064       50.3785       9.9960e-01    3.9984e-04    7.9227e-09    2.3840e+02    2.3841e+02    
6.681e+00     169.3486      28.0064       50.9785       9.9960e-01    3.9984e-04    7.9227e-09    2.3840e+02    2.3841e+02    
5.955e+00     168.3044      28.0064       51.5753       9.9960e-01    3.9984e-04    7.9227e-09    2.3841e+02    2.3841e+02    
5.307e+00     167.0952      28.0064       52.1681       9.9960e-01    3.9984e-04    7.9227e-09    2.3841e+02    2.3841e+02    
4.730e+00     165.7496      28.0064       52.7566       9.9960e-01    3.9984e-04    7.9227e-09    2.3841e+02    2.3841e+02    
4.216e+00     164.2941      28.0064       53.3402       9.9960e-01    3.9984e-04    7.9227e-09    2.3841e+02    2.3841e+02    
3.758e+00     162.7522      28.0064       53.9186       9.9960e-01    3.9984e-04    7.9227e-09    2.3841e+02    2.3841e+02    
3.349e+00     161.1437      28.0064       54.4915       9.9960e-01    3.9984e-04    7.9227e-09    2.3841e+02    2.3841e+02    
2.985e+00     159.4848      28.0064       55.0588       9.9960e-01    3.9984e-04    7.9227e-09    2.3841e+02    2.3841e+02    
2.660e+00     157.7878      28.0064       55.6202       9.9960e-01    3.9984e-04    7.9227e-09    2.3841e+02    2.3841e+02    
2.371e+00     156.0614      28.0064       56.1756       9.9960e-01    3.9984e-04    7.9227e-09    2.3841e+02    2.3841e+02    
2.113e+00     154.3130      28.0064       56.7250       9.9960e-01    3.9984e-04    7.9227e-09    2.3841e+02    2.3842e+02    
1.883e+00     152.5532      28.0064       57.2683       9.9960e-01    3.9984e-04    7.9227e-09    2.3841e+02    2.3842e+02    
1.679e+00     150.8071      28.0064       57.8055       9.9960e-01    3.9984e-04    7.9227e-09    2.3841e+02    2.3842e+02    
1.496e+00     149.1431      28.0064       58.3367       9.9960e-01    3.9984e-04    7.9227e-09    2.3841e+02    2.3842e+02    
1.333e+00     147.7363      28.0064       58.8626       9.9960e-01    3.9984e-04    7.9227e-09    2.3842e+02    2.3842e+02    
1.188e+00     147.0209      28.0064       59.3848       9.9960e-01    3.9984e-04    7.9227e-09    2.3842e+02    2.3842e+02    
1.059e+00     148.0848      28.0064       59.9077       9.9960e-01    3.9984e-04    7.9227e-09    2.3842e+02    2.3842e+02    
