 # Model name = TRAPPIST-1g(no ozone), Ramses CLIMA
 # Diameter: 14408                # Diameter of the planet [km]
 # Gravity: 10.15                  # Gravity at the surface of the atmosphere [m/s2]
 # Star-distance: 0.04683 AU              # Planet-star distance [au]
 # Star-type: TRAPPIST-1                 # Host-star type
 # Star-temperature: ~2566         # Host-star temperature [K]
 # Wavelength-min: 0.2376            # Minimum wavelength [um]
 # Wavelength-max: inf           # Maximum wavelength [um]
 # Radiance-unit: Wsrm2um         # Radiation output unit
 # Surface-temperature: 240       # Surface temperature [K]
 # Surface-albedo: 0.2           # Surface albedo
 # Surface-emissivity: 1.0        # Surface emissivity
 # Opacity:corr.-k, BPS H2O cont. # corrk + continuum, other ?
 # Line opacities = H2O, CO2
 # CIA opacities = CO2-CO2, N2-N2, N2-CO2
 # Rayleigh opacities = N2, CO2, H2O
 # Outgoing longwave radiation (W/m^2) = 81.30 
 # Absorbed stellar radiation (W/m^2) = 81.44
 # Atmosphere-description: Trappist-1g
 # Atmosphere-columns: P T MMW Alt N2 CO2 H2O OTR ASR
 # Atmosphere-layers: 201
 #   P (Pa)    T (K)   MMW (g/mol) Alt (km)    N2          CO2          H2O          OTR           ASR
 1.10780E+06  314.170  41.75330     0.000  1.28930E-01  8.64000E-01  7.07020E-03  4.93250E-01  8.83030E+00
 1.09250E+06  313.400  41.75542     0.085  1.29141E-01  8.64000E-01  6.85860E-03  1.00790E+00  9.39610E+00
 1.06220E+06  311.850  41.75880     0.257  1.29480E-01  8.64000E-01  6.52000E-03  1.34570E+00  9.98680E+00
 1.03230E+06  310.270  41.76228     0.430  1.29828E-01  8.64000E-01  6.17180E-03  1.47690E+00  1.06060E+01
 1.00280E+06  308.660  41.76612     0.605  1.30211E-01  8.64000E-01  5.78860E-03  1.77030E+00  1.12510E+01
 9.73770E+05  307.010  41.76944     0.781  1.30544E-01  8.64000E-01  5.45590E-03  2.04060E+00  1.20800E+01
 9.45170E+05  305.340  41.77267     0.959  1.30867E-01  8.64000E-01  5.13290E-03  2.19930E+00  1.29500E+01
 9.17030E+05  303.640  41.77624     1.138  1.31223E-01  8.64000E-01  4.77650E-03  2.35990E+00  1.38550E+01
 8.89360E+05  301.900  41.77929     1.319  1.31529E-01  8.64000E-01  4.47120E-03  2.52470E+00  1.47960E+01
 8.62160E+05  300.140  41.78229     1.502  1.31828E-01  8.64000E-01  4.17170E-03  2.70750E+00  1.57670E+01
 8.35440E+05  298.340  41.78559     1.685  1.32159E-01  8.64000E-01  3.84060E-03  2.90450E+00  1.67560E+01
 8.09220E+05  296.510  41.78822     1.870  1.32421E-01  8.64000E-01  3.57860E-03  3.11460E+00  1.77650E+01
 7.83480E+05  294.640  41.79099     2.056  1.32698E-01  8.64000E-01  3.30160E-03  3.34830E+00  1.87850E+01
 7.58250E+05  292.740  41.79384     2.244  1.32984E-01  8.64000E-01  3.01600E-03  3.59420E+00  1.98050E+01
 7.33520E+05  290.820  41.79615     2.432  1.33214E-01  8.64000E-01  2.78570E-03  3.85980E+00  2.08310E+01
 7.09300E+05  288.860  41.79870     2.622  1.33470E-01  8.64000E-01  2.53040E-03  4.15210E+00  2.18520E+01
 6.85600E+05  286.860  41.80093     2.812  1.33692E-01  8.64000E-01  2.30750E-03  4.46170E+00  2.28730E+01
 6.62410E+05  284.840  41.80304     3.004  1.33903E-01  8.64000E-01  2.09680E-03  4.79930E+00  2.38980E+01
 6.39730E+05  282.770  41.80523     3.197  1.34123E-01  8.64000E-01  1.87720E-03  5.15750E+00  2.49260E+01
 6.17580E+05  280.690  41.80695     3.390  1.34295E-01  8.64000E-01  1.70490E-03  5.54300E+00  2.59780E+01
 5.95940E+05  278.560  41.80887     3.585  1.34487E-01  8.64000E-01  1.51330E-03  5.96010E+00  2.70550E+01
 5.74820E+05  276.410  41.81041     3.780  1.34640E-01  8.64000E-01  1.35970E-03  6.40120E+00  2.81790E+01
 5.54210E+05  274.230  41.81195     3.976  1.34795E-01  8.64000E-01  1.20460E-03  6.86940E+00  2.93500E+01
 5.34120E+05  272.040  41.81358     4.173  1.34957E-01  8.64000E-01  1.04250E-03  7.36520E+00  3.05600E+01
 5.14540E+05  269.840  41.81500     4.370  1.35100E-01  8.64000E-01  9.00460E-04  7.90620E+00  3.18040E+01
 4.95480E+05  267.600  41.81627     4.568  1.35227E-01  8.64000E-01  7.73420E-04  8.49500E+00  3.30810E+01
 4.76910E+05  265.330  41.81740     4.766  1.35339E-01  8.64000E-01  6.60520E-04  9.12180E+00  3.43870E+01
 4.58860E+05  263.030  41.81839     4.965  1.35439E-01  8.64000E-01  5.60860E-04  9.78490E+00  3.57170E+01
 4.41300E+05  260.700  41.81927     5.164  1.35527E-01  8.64000E-01  4.73460E-04  1.04840E+01  3.70640E+01
 4.24230E+05  258.340  41.82003     5.363  1.35603E-01  8.64000E-01  3.97320E-04  1.12220E+01  3.84130E+01
 4.07660E+05  255.960  41.82069     5.563  1.35669E-01  8.64000E-01  3.31450E-04  1.20040E+01  3.97450E+01
 3.91570E+05  253.550  41.82125     5.763  1.35725E-01  8.64000E-01  2.74840E-04  1.28420E+01  4.10460E+01
 3.75950E+05  251.120  41.82174     5.963  1.35773E-01  8.64000E-01  2.26520E-04  1.37610E+01  4.23060E+01
 3.60810E+05  248.670  41.82215     6.164  1.35814E-01  8.64000E-01  1.85550E-04  1.47980E+01  4.35240E+01
 3.46130E+05  246.200  41.82249     6.364  1.35849E-01  8.64000E-01  1.51050E-04  1.59920E+01  4.47020E+01
 3.31910E+05  243.720  41.82278     6.564  1.35878E-01  8.64000E-01  1.22200E-04  1.73740E+01  4.58510E+01
 3.18140E+05  241.220  41.82302     6.765  1.35902E-01  8.64000E-01  9.82370E-05  1.89700E+01  4.69800E+01
 3.04820E+05  238.710  41.82322     6.965  1.35922E-01  8.64000E-01  7.84670E-05  2.07830E+01  4.80900E+01
 2.91930E+05  236.180  41.82338     7.165  1.35938E-01  8.64000E-01  6.22690E-05  2.28020E+01  4.91770E+01
 2.79470E+05  233.650  41.82351     7.365  1.35951E-01  8.64000E-01  4.90890E-05  2.50080E+01  5.02300E+01
 2.67430E+05  231.110  41.82362     7.565  1.35962E-01  8.64000E-01  3.84410E-05  2.73850E+01  5.12370E+01
 2.55800E+05  228.560  41.82370     7.764  1.35970E-01  8.64000E-01  2.98970E-05  2.99280E+01  5.21870E+01
 2.44570E+05  226.010  41.82377     7.963  1.35977E-01  8.64000E-01  2.30900E-05  3.26110E+01  5.30750E+01
 2.33740E+05  223.450  41.82383     8.162  1.35982E-01  8.64000E-01  1.77070E-05  3.53820E+01  5.38990E+01
 2.23290E+05  220.890  41.82387     8.360  1.35986E-01  8.64000E-01  1.34810E-05  3.81640E+01  5.46580E+01
 2.13220E+05  218.320  41.82390     8.557  1.35990E-01  8.64000E-01  1.01870E-05  4.08540E+01  5.53540E+01
 2.03530E+05  215.750  41.82393     8.755  1.35992E-01  8.64000E-01  7.63950E-06  4.33470E+01  5.59940E+01
 1.94190E+05  213.180  41.82394     8.951  1.35994E-01  8.64000E-01  5.68430E-06  4.55650E+01  5.65800E+01
 1.85200E+05  210.610  41.82396     9.147  1.35996E-01  8.64000E-01  4.19570E-06  4.74730E+01  5.71190E+01
 1.76550E+05  208.040  41.82397     9.342  1.35997E-01  8.64000E-01  3.07130E-06  4.90550E+01  5.76150E+01
 1.68240E+05  205.470  41.82398     9.537  1.35998E-01  8.64000E-01  2.22920E-06  5.03030E+01  5.80730E+01
 1.60250E+05  202.900  41.82399     9.731  1.35998E-01  8.64000E-01  1.60390E-06  5.12110E+01  5.84970E+01
 1.52580E+05  200.340  41.82399     9.924  1.35999E-01  8.64000E-01  1.14360E-06  5.17600E+01  5.88920E+01
 1.45210E+05  197.770  41.82399    10.116  1.35999E-01  8.64000E-01  8.07900E-07  5.18450E+01  5.92640E+01
 1.38140E+05  196.360  41.82399    10.308  1.35999E-01  8.64000E-01  6.80030E-07  5.17280E+01  5.96220E+01
 1.31360E+05  195.730  41.82400    10.501  1.35999E-01  8.64000E-01  6.46290E-07  5.18410E+01  5.99720E+01
 1.24860E+05  195.090  41.82400    10.694  1.35999E-01  8.64000E-01  6.13960E-07  5.21960E+01  6.03140E+01
 1.18630E+05  194.460  41.82400    10.889  1.35999E-01  8.64000E-01  5.83010E-07  5.26700E+01  6.06490E+01
 1.12670E+05  193.820  41.82400    11.084  1.35999E-01  8.64000E-01  5.53380E-07  5.32230E+01  6.09790E+01
 1.06960E+05  193.180  41.82399    11.281  1.35999E-01  8.64000E-01  5.25040E-07  5.38330E+01  6.13050E+01
 1.01500E+05  192.540  41.82400    11.478  1.35999E-01  8.64000E-01  4.97940E-07  5.44850E+01  6.16280E+01
 9.62740E+04  191.900  41.82400    11.677  1.36000E-01  8.64000E-01  4.72050E-07  5.51650E+01  6.19480E+01
 9.12810E+04  191.260  41.82400    11.876  1.36000E-01  8.64000E-01  4.47330E-07  5.58620E+01  6.22650E+01
 8.65100E+04  190.620  41.82400    12.076  1.36000E-01  8.64000E-01  4.23730E-07  5.65690E+01  6.25800E+01
 8.19550E+04  189.980  41.82400    12.277  1.36000E-01  8.64000E-01  4.01220E-07  5.72800E+01  6.28970E+01
 7.76070E+04  189.330  41.82400    12.479  1.36000E-01  8.64000E-01  3.79770E-07  5.79900E+01  6.32150E+01
 7.34590E+04  188.690  41.82400    12.682  1.36000E-01  8.64000E-01  3.59320E-07  5.86950E+01  6.35350E+01
 6.95030E+04  188.050  41.82400    12.886  1.36000E-01  8.64000E-01  3.39850E-07  5.93920E+01  6.38590E+01
 6.57330E+04  187.410  41.82400    13.090  1.36000E-01  8.64000E-01  3.21310E-07  6.00770E+01  6.41870E+01
 6.21420E+04  186.760  41.82400    13.295  1.36000E-01  8.64000E-01  3.03680E-07  6.07480E+01  6.45170E+01
 5.87220E+04  186.120  41.82400    13.502  1.36000E-01  8.64000E-01  2.86910E-07  6.14030E+01  6.48500E+01
 5.54670E+04  185.480  41.82400    13.709  1.36000E-01  8.64000E-01  2.70970E-07  6.20420E+01  6.51830E+01
 5.23700E+04  184.840  41.82400    13.916  1.36000E-01  8.64000E-01  2.55830E-07  6.26630E+01  6.55170E+01
 4.94260E+04  184.190  41.82400    14.125  1.36000E-01  8.64000E-01  2.41440E-07  6.32670E+01  6.58490E+01
 4.66280E+04  183.550  41.82400    14.335  1.36000E-01  8.64000E-01  2.27790E-07  6.38530E+01  6.61790E+01
 4.39690E+04  182.910  41.82400    14.545  1.36000E-01  8.64000E-01  2.14830E-07  6.44220E+01  6.65040E+01
 4.14450E+04  182.270  41.82400    14.756  1.36000E-01  8.64000E-01  2.02540E-07  6.49740E+01  6.68260E+01
 3.90500E+04  181.630  41.82400    14.967  1.36000E-01  8.64000E-01  1.90890E-07  6.55100E+01  6.71420E+01
 3.67770E+04  180.990  41.82400    15.180  1.36000E-01  8.64000E-01  1.79850E-07  6.60290E+01  6.74530E+01
 3.46220E+04  180.340  41.82400    15.393  1.36000E-01  8.64000E-01  1.69390E-07  6.65320E+01  6.77600E+01
 3.25800E+04  179.710  41.82400    15.607  1.36000E-01  8.64000E-01  1.59480E-07  6.70180E+01  6.80620E+01
 3.06460E+04  179.070  41.82400    15.822  1.36000E-01  8.64000E-01  1.50110E-07  6.74880E+01  6.83610E+01
 2.88140E+04  178.430  41.82400    16.037  1.36000E-01  8.64000E-01  1.41250E-07  6.79400E+01  6.86580E+01
 2.70800E+04  177.790  41.82400    16.253  1.36000E-01  8.64000E-01  1.32870E-07  6.83740E+01  6.89530E+01
 2.54400E+04  177.150  41.82400    16.470  1.36000E-01  8.64000E-01  1.24960E-07  6.87890E+01  6.92470E+01
 2.38900E+04  176.520  41.82400    16.687  1.36000E-01  8.64000E-01  1.17480E-07  6.91860E+01  6.95410E+01
 2.24240E+04  175.890  41.82400    16.906  1.36000E-01  8.64000E-01  1.10430E-07  6.95570E+01  6.98360E+01
 2.10400E+04  175.290  41.82400    17.124  1.36000E-01  8.64000E-01  1.05210E-07  6.99070E+01  7.01320E+01
 1.97330E+04  174.930  41.82400    17.344  1.36000E-01  8.64000E-01  1.03380E-07  7.02430E+01  7.04300E+01
 1.84990E+04  174.630  41.82400    17.565  1.36000E-01  8.64000E-01  1.02930E-07  7.05720E+01  7.07300E+01
 1.73350E+04  174.470  41.82400    17.787  1.36000E-01  8.64000E-01  1.02930E-07  7.08980E+01  7.10310E+01
 1.62370E+04  174.370  41.82400    18.010  1.36000E-01  8.64000E-01  1.02930E-07  7.12160E+01  7.13350E+01
 1.52030E+04  174.380  41.82400    18.234  1.36000E-01  8.64000E-01  1.02930E-07  7.15280E+01  7.16390E+01
 1.42290E+04  174.480  41.82400    18.460  1.36000E-01  8.64000E-01  1.02930E-07  7.18360E+01  7.19440E+01
 1.33110E+04  174.620  41.82400    18.688  1.36000E-01  8.64000E-01  1.02930E-07  7.21390E+01  7.22480E+01
 1.24480E+04  174.780  41.82400    18.917  1.36000E-01  8.64000E-01  1.02930E-07  7.24370E+01  7.25490E+01
 1.16350E+04  174.940  41.82400    19.148  1.36000E-01  8.64000E-01  1.02930E-07  7.27280E+01  7.28470E+01
 1.08710E+04  175.060  41.82400    19.381  1.36000E-01  8.64000E-01  1.02930E-07  7.30120E+01  7.31390E+01
 1.01530E+04  175.130  41.82400    19.615  1.36000E-01  8.64000E-01  1.02930E-07  7.32880E+01  7.34250E+01
 9.47860E+03  175.120  41.82400    19.851  1.36000E-01  8.64000E-01  1.02930E-07  7.35550E+01  7.37000E+01
 8.84510E+03  175.040  41.82400    20.088  1.36000E-01  8.64000E-01  1.02930E-07  7.38120E+01  7.39640E+01
 8.25050E+03  174.880  41.82400    20.326  1.36000E-01  8.64000E-01  1.02930E-07  7.40600E+01  7.42160E+01
 7.69260E+03  174.660  41.82400    20.566  1.36000E-01  8.64000E-01  1.02930E-07  7.42990E+01  7.44560E+01
 7.16950E+03  174.380  41.82400    20.806  1.36000E-01  8.64000E-01  1.02930E-07  7.45300E+01  7.46860E+01
 6.67920E+03  174.070  41.82400    21.048  1.36000E-01  8.64000E-01  1.02930E-07  7.47530E+01  7.49070E+01
 6.21970E+03  173.750  41.82400    21.291  1.36000E-01  8.64000E-01  1.02930E-07  7.49700E+01  7.51200E+01
 5.78950E+03  173.430  41.82400    21.534  1.36000E-01  8.64000E-01  1.02930E-07  7.51800E+01  7.53260E+01
 5.38670E+03  173.120  41.82400    21.779  1.36000E-01  8.64000E-01  1.02930E-07  7.53840E+01  7.55260E+01
 5.00990E+03  172.830  41.82400    22.024  1.36000E-01  8.64000E-01  1.02930E-07  7.55810E+01  7.57210E+01
 4.65750E+03  172.560  41.82400    22.271  1.36000E-01  8.64000E-01  1.02930E-07  7.57730E+01  7.59110E+01
 4.32810E+03  172.300  41.82400    22.519  1.36000E-01  8.64000E-01  1.02930E-07  7.59570E+01  7.60960E+01
 4.02020E+03  172.030  41.82400    22.768  1.36000E-01  8.64000E-01  1.02930E-07  7.61350E+01  7.62750E+01
 3.73280E+03  171.750  41.82400    23.018  1.36000E-01  8.64000E-01  1.02930E-07  7.63060E+01  7.64470E+01
 3.46440E+03  171.440  41.82400    23.268  1.36000E-01  8.64000E-01  1.02930E-07  7.64700E+01  7.66140E+01
 3.21390E+03  171.100  41.82400    23.520  1.36000E-01  8.64000E-01  1.02930E-07  7.66280E+01  7.67740E+01
 2.98040E+03  170.730  41.82400    23.773  1.36000E-01  8.64000E-01  1.02930E-07  7.67810E+01  7.69290E+01
 2.76260E+03  170.320  41.82400    24.026  1.36000E-01  8.64000E-01  1.02930E-07  7.69300E+01  7.70780E+01
 2.55970E+03  169.900  41.82400    24.281  1.36000E-01  8.64000E-01  1.02930E-07  7.70750E+01  7.72230E+01
 2.37070E+03  169.470  41.82400    24.536  1.36000E-01  8.64000E-01  1.02930E-07  7.72170E+01  7.73650E+01
 2.19470E+03  169.040  41.82400    24.792  1.36000E-01  8.64000E-01  1.02930E-07  7.73570E+01  7.75040E+01
 2.03090E+03  168.640  41.82400    25.048  1.36000E-01  8.64000E-01  1.02930E-07  7.74940E+01  7.76390E+01
 1.87860E+03  168.270  41.82400    25.306  1.36000E-01  8.64000E-01  1.02930E-07  7.76290E+01  7.77720E+01
 1.73700E+03  167.930  41.82400    25.564  1.36000E-01  8.64000E-01  1.02930E-07  7.77600E+01  7.79030E+01
 1.60540E+03  167.630  41.82400    25.823  1.36000E-01  8.64000E-01  1.02930E-07  7.78880E+01  7.80300E+01
 1.48310E+03  167.360  41.82400    26.083  1.36000E-01  8.64000E-01  1.02930E-07  7.80130E+01  7.81540E+01
 1.36960E+03  167.100  41.82400    26.344  1.36000E-01  8.64000E-01  1.02930E-07  7.81340E+01  7.82760E+01
 1.26420E+03  166.840  41.82400    26.607  1.36000E-01  8.64000E-01  1.02930E-07  7.82530E+01  7.83960E+01
 1.16640E+03  166.560  41.82400    26.870  1.36000E-01  8.64000E-01  1.02930E-07  7.83710E+01  7.85140E+01
 1.07580E+03  166.240  41.82400    27.134  1.36000E-01  8.64000E-01  1.02930E-07  7.84870E+01  7.86310E+01
 9.91770E+02  165.890  41.82400    27.398  1.36000E-01  8.64000E-01  1.02930E-07  7.86030E+01  7.87480E+01
 9.13930E+02  165.500  41.82400    27.664  1.36000E-01  8.64000E-01  1.02930E-07  7.87180E+01  7.88630E+01
 8.41850E+02  165.070  41.82400    27.930  1.36000E-01  8.64000E-01  1.02930E-07  7.88300E+01  7.89760E+01
 7.75130E+02  164.620  41.82400    28.197  1.36000E-01  8.64000E-01  1.02930E-07  7.89400E+01  7.90860E+01
 7.13400E+02  164.170  41.82400    28.465  1.36000E-01  8.64000E-01  1.02930E-07  7.90470E+01  7.91920E+01
 6.56310E+02  163.720  41.82400    28.733  1.36000E-01  8.64000E-01  1.02930E-07  7.91490E+01  7.92940E+01
 6.03530E+02  163.310  41.82400    29.002  1.36000E-01  8.64000E-01  1.02930E-07  7.92450E+01  7.93900E+01
 5.54770E+02  162.940  41.82400    29.272  1.36000E-01  8.64000E-01  1.02930E-07  7.93360E+01  7.94800E+01
 5.09730E+02  162.630  41.82400    29.543  1.36000E-01  8.64000E-01  1.02930E-07  7.94200E+01  7.95640E+01
 4.68160E+02  162.380  41.82400    29.814  1.36000E-01  8.64000E-01  1.02930E-07  7.94990E+01  7.96420E+01
 4.29790E+02  162.200  41.82400    30.086  1.36000E-01  8.64000E-01  1.02930E-07  7.95720E+01  7.97140E+01
 3.94400E+02  162.060  41.82400    30.360  1.36000E-01  8.64000E-01  1.02930E-07  7.96400E+01  7.97820E+01
 3.61780E+02  161.940  41.82400    30.634  1.36000E-01  8.64000E-01  1.02930E-07  7.97050E+01  7.98470E+01
 3.31710E+02  161.820  41.82400    30.910  1.36000E-01  8.64000E-01  1.02930E-07  7.97680E+01  7.99110E+01
 3.04020E+02  161.640  41.82400    31.187  1.36000E-01  8.64000E-01  1.02930E-07  7.98320E+01  7.99740E+01
 2.78520E+02  161.370  41.82400    31.465  1.36000E-01  8.64000E-01  1.02930E-07  7.98960E+01  8.00390E+01
 2.55060E+02  160.990  41.82400    31.743  1.36000E-01  8.64000E-01  1.02930E-07  7.99610E+01  8.01060E+01
 2.33470E+02  160.480  41.82400    32.022  1.36000E-01  8.64000E-01  1.02930E-07  8.00280E+01  8.01740E+01
 2.13620E+02  159.840  41.82400    32.302  1.36000E-01  8.64000E-01  1.02930E-07  8.00930E+01  8.02440E+01
 1.95370E+02  159.140  41.82400    32.581  1.36000E-01  8.64000E-01  1.02930E-07  8.01570E+01  8.03140E+01
 1.78610E+02  158.440  41.82400    32.861  1.36000E-01  8.64000E-01  1.02930E-07  8.02200E+01  8.03830E+01
 1.63220E+02  157.750  41.82400    33.141  1.36000E-01  8.64000E-01  1.02930E-07  8.02820E+01  8.04500E+01
 1.49100E+02  157.060  41.82400    33.421  1.36000E-01  8.64000E-01  1.02930E-07  8.03430E+01  8.05130E+01
 1.36130E+02  156.370  41.82400    33.701  1.36000E-01  8.64000E-01  1.02930E-07  8.04020E+01  8.05730E+01
 1.24250E+02  155.690  41.82400    33.981  1.36000E-01  8.64000E-01  1.02930E-07  8.04580E+01  8.06290E+01
 1.13350E+02  155.000  41.82400    34.261  1.36000E-01  8.64000E-01  1.02930E-07  8.05100E+01  8.06800E+01
 1.03370E+02  154.320  41.82400    34.541  1.36000E-01  8.64000E-01  1.02930E-07  8.05590E+01  8.07260E+01
 9.42220E+01  153.640  41.82400    34.822  1.36000E-01  8.64000E-01  1.02930E-07  8.06040E+01  8.07680E+01
 8.58510E+01  152.970  41.82400    35.102  1.36000E-01  8.64000E-01  1.02930E-07  8.06450E+01  8.08060E+01
 7.81910E+01  152.300  41.82400    35.383  1.36000E-01  8.64000E-01  1.02930E-07  8.06830E+01  8.08400E+01
 7.11850E+01  151.640  41.82400    35.663  1.36000E-01  8.64000E-01  1.02930E-07  8.07170E+01  8.08700E+01
 6.47790E+01  150.980  41.82400    35.943  1.36000E-01  8.64000E-01  1.02930E-07  8.07480E+01  8.08980E+01
 5.89250E+01  150.320  41.82400    36.224  1.36000E-01  8.64000E-01  1.02930E-07  8.07760E+01  8.09220E+01
 5.35770E+01  149.680  41.82400    36.505  1.36000E-01  8.64000E-01  1.02930E-07  8.08000E+01  8.09450E+01
 4.86950E+01  149.140  41.82400    36.785  1.36000E-01  8.64000E-01  1.02930E-07  8.08210E+01  8.09650E+01
 4.42390E+01  148.800  41.82400    37.067  1.36000E-01  8.64000E-01  1.02930E-07  8.08400E+01  8.09840E+01
 4.01730E+01  148.720  41.82400    37.349  1.36000E-01  8.64000E-01  1.02930E-07  8.08580E+01  8.10030E+01
 3.64660E+01  148.870  41.82400    37.632  1.36000E-01  8.64000E-01  1.02930E-07  8.08770E+01  8.10210E+01
 3.30880E+01  149.260  41.82400    37.917  1.36000E-01  8.64000E-01  1.02930E-07  8.08960E+01  8.10400E+01
 3.00090E+01  149.870  41.82400    38.204  1.36000E-01  8.64000E-01  1.02930E-07  8.09160E+01  8.10590E+01
 2.72060E+01  150.680  41.82400    38.494  1.36000E-01  8.64000E-01  1.02930E-07  8.09360E+01  8.10800E+01
 2.46550E+01  151.620  41.82400    38.787  1.36000E-01  8.64000E-01  1.02930E-07  8.09570E+01  8.11010E+01
 2.23330E+01  152.640  41.82400    39.083  1.36000E-01  8.64000E-01  1.02930E-07  8.09790E+01  8.11220E+01
 2.02210E+01  153.670  41.82400    39.382  1.36000E-01  8.64000E-01  1.02930E-07  8.10000E+01  8.11440E+01
 1.83020E+01  154.660  41.82400    39.685  1.36000E-01  8.64000E-01  1.02930E-07  8.10210E+01  8.11650E+01
 1.65570E+01  155.590  41.82400    39.991  1.36000E-01  8.64000E-01  1.02930E-07  8.10410E+01  8.11850E+01
 1.49730E+01  156.430  41.82400    40.300  1.36000E-01  8.64000E-01  1.02930E-07  8.10600E+01  8.12040E+01
 1.35350E+01  157.160  41.82400    40.611  1.36000E-01  8.64000E-01  1.02930E-07  8.10780E+01  8.12220E+01
 1.22290E+01  157.770  41.82400    40.926  1.36000E-01  8.64000E-01  1.02930E-07  8.10950E+01  8.12390E+01
 1.10450E+01  158.280  41.82400    41.243  1.36000E-01  8.64000E-01  1.02930E-07  8.11110E+01  8.12550E+01
 9.97160E+00  158.680  41.82400    41.562  1.36000E-01  8.64000E-01  1.02930E-07  8.11250E+01  8.12690E+01
 8.99850E+00  159.010  41.82400    41.883  1.36000E-01  8.64000E-01  1.02930E-07  8.11380E+01  8.12820E+01
 8.11710E+00  159.280  41.82400    42.206  1.36000E-01  8.64000E-01  1.02930E-07  8.11500E+01  8.12940E+01
 7.31890E+00  159.490  41.82400    42.531  1.36000E-01  8.64000E-01  1.02930E-07  8.11610E+01  8.13050E+01
 6.59640E+00  159.680  41.82400    42.858  1.36000E-01  8.64000E-01  1.02930E-07  8.11720E+01  8.13160E+01
 5.94280E+00  159.840  41.82400    43.186  1.36000E-01  8.64000E-01  1.02930E-07  8.11810E+01  8.13250E+01
 5.35170E+00  160.010  41.82400    43.516  1.36000E-01  8.64000E-01  1.02930E-07  8.11900E+01  8.13340E+01
 4.81730E+00  160.170  41.82400    43.848  1.36000E-01  8.64000E-01  1.02930E-07  8.11980E+01  8.13420E+01
 4.33450E+00  160.330  41.82400    44.181  1.36000E-01  8.64000E-01  1.02930E-07  8.12050E+01  8.13490E+01
 3.89850E+00  160.490  41.82400    44.516  1.36000E-01  8.64000E-01  1.02930E-07  8.12120E+01  8.13560E+01
 3.50490E+00  160.620  41.82400    44.853  1.36000E-01  8.64000E-01  1.02930E-07  8.12190E+01  8.13620E+01
 3.14960E+00  160.740  41.82400    45.192  1.36000E-01  8.64000E-01  1.02930E-07  8.12240E+01  8.13680E+01
 2.82920E+00  160.830  41.82400    45.532  1.36000E-01  8.64000E-01  1.02930E-07  8.12300E+01  8.13740E+01
 2.54040E+00  160.910  41.82400    45.873  1.36000E-01  8.64000E-01  1.02930E-07  8.12350E+01  8.13790E+01
 2.28000E+00  160.980  41.82400    46.216  1.36000E-01  8.64000E-01  1.02930E-07  8.12400E+01  8.13840E+01
 2.04550E+00  161.070  41.82400    46.561  1.36000E-01  8.64000E-01  1.02930E-07  8.12450E+01  8.13890E+01
 1.83440E+00  161.190  41.82400    46.907  1.36000E-01  8.64000E-01  1.02930E-07  8.12500E+01  8.13940E+01
 1.64430E+00  161.390  41.82400    47.255  1.36000E-01  8.64000E-01  1.02930E-07  8.12540E+01  8.13980E+01
 1.47330E+00  161.700  41.82400    47.605  1.36000E-01  8.64000E-01  1.02930E-07  8.12590E+01  8.14030E+01
 1.31960E+00  162.080  41.82400    47.957  1.36000E-01  8.64000E-01  1.02930E-07  8.12630E+01  8.14070E+01
 1.18140E+00  162.360  41.82400    48.311  1.36000E-01  8.64000E-01  1.02930E-07  8.12690E+01  8.14130E+01
 1.05720E+00  162.310  41.82400    48.666  1.36000E-01  8.64000E-01  1.02930E-07  8.12960E+01  8.14400E+01
