55
0.1 40.0
40.0 100.0
100.0 160.0
160.0 220.0
220.0 280.0
280.0 330.0
330.0 380.0
380.0 440.0
440.0 495.0
495.0 545.0
545.0 617.0
617.0 667.0
667.0 720.0
720.0 800.0
800.0 875.0
875.0 940.0
940.0 1000.0
1000.0 1065.0
1065.0 1108.0
1108.0 1200.0
1200.0 1275.0
1275.0 1350.0
1350.0 1450.0
1450.0 1550.0
1550.0 1650.0
1650.0 1750.0
1750.0 1850.0
1850.0 1950.0
1950.0 2050.0
2050.0 2200.0
2200.0 2397.0
2397.0 2494.0
2494.0 2796.0
2796.0 3087.0
3087.0 3425.0
3425.0 3760.0
3760.0 4030.0
4030.0 4540.0
4540.0 4950.0
4950.0 5370.0
5370.0 5925.0
5925.0 6390.0
6390.0 6990.0
6990.0 7650.0
7650.0 8315.0
8315.0 8850.0
8850.0 9350.0
9350.0 9650.0
9650.0 10400.0
10400.0 11220.0
11220.0 11870.0
11870.0 12790.0
12790.0 13300.0
13300.0 14470.0
14470.0 15000.0
