38
2200.2200220022 2396.9319271332697
2396.9319271332697 2493.7655860349128
2493.7655860349128 2795.638803466592
2795.638803466592 3087.3726458783576
3087.3726458783576 3424.6575342465753
3424.6575342465753 3759.398496240601
3759.398496240601 4030.6328093510683
4030.6328093510683 4539.264639128462
4539.264639128462 4950.495049504951
4950.495049504951 5370.569280343716
5370.569280343716 5924.1706161137445
5924.1706161137445 6389.776357827476
6389.776357827476 6988.120195667365
6988.120195667365 7651.109410864576
7651.109410864576 8312.551953449709
8312.551953449709 8849.557522123894
8849.557522123894 9345.794392523363
9345.794392523363 9652.509652509652
9652.509652509652 10395.010395010395
10395.010395010395 11223.34455667789
11223.34455667789 11876.484560570072
11876.484560570072 12755.102040816326
12755.102040816326 13297.872340425532
13297.872340425532 14471.780028943562
14471.780028943562 14992.503748125937
14992.503748125937 16000.0
16000.0 16528.92561983471
16528.92561983471 17649.135192375576
17649.135192375576 18198.362147406733
18198.362147406733 18518.51851851852
18518.51851851852 22222.222222222223
22222.222222222223 25641.02564102564
25641.02564102564 29308.323563892143
29308.323563892143 30376.670716889428
30376.670716889428 32562.683165092807
32562.683165092807 35087.71929824562
35087.71929824562 36363.63636363636
36363.63636363636 42087.54208754209
