# Study case: Runaway greenhouse 350K
# Diameter: 12742                # Diameter of the planet [km]
# Gravity: 9.81                  # Gravity at the surface of the atmosphere [m/s2]
# Star-distance: 1               # Planet-star distance [ua]
# Star-type: Sun                 # Host-star type
# Star-temperature: 5772         # Host-star temperature [K]
# Absorbers = H2O, CO2, N2
# Incoming ToA stellar flux: 375 # Flux received by the planet [W/m2]
# Surface-temperature: 350       # Surface temperature [K]
# Surface-albedo: 0.32           # Surface albedo
# Surface-emissivity: 0.9        # Surface emissivity
# Surface Total Pressure (Pa) = 1e5
# Concentrations are volume mixing ratios
# LayerBottomAlt(km) LayerTopAlt(km)  Alt(km)    Pressure(Pa)  Temperature(K)     N2              CO2              H2O      
        0.0000         0.0000         0.0000     0.141683E+06     350.00     0.705800E+00     0.261146E-03     0.293939E+00
        0.0000         0.5886         0.4165     0.136757E+06     349.05     0.707008E+00     0.261593E-03     0.292730E+00
        0.5886         1.0179         0.8318     0.132003E+06     348.10     0.708169E+00     0.262023E-03     0.291569E+00
        1.0179         1.4374         1.2458     0.127414E+06     347.17     0.709331E+00     0.262452E-03     0.290407E+00
        1.4374         1.8530         1.6586     0.122984E+06     346.23     0.710492E+00     0.262882E-03     0.289245E+00
        1.8530         2.2661         2.0702     0.118708E+06     345.31     0.711654E+00     0.263312E-03     0.288083E+00
        2.2661         2.6773         2.4805     0.114581E+06     344.38     0.712816E+00     0.263742E-03     0.286921E+00
        2.6773         3.0869         2.8897     0.110598E+06     343.47     0.713977E+00     0.264172E-03     0.285758E+00
        3.0869         3.4951         3.2976     0.106753E+06     342.55     0.715140E+00     0.264602E-03     0.284596E+00
        3.4951         3.9019         3.7044     0.103041E+06     341.65     0.716302E+00     0.265032E-03     0.283433E+00
        3.9019         4.3074         4.1099     0.994588E+05     340.75     0.717464E+00     0.265462E-03     0.282271E+00
        4.3074         4.7116         4.5143     0.960010E+05     339.85     0.718626E+00     0.265892E-03     0.281108E+00
        4.7116         5.1145         4.9175     0.926634E+05     338.96     0.719788E+00     0.266322E-03     0.279945E+00
        5.1145         5.5163         5.3195     0.894419E+05     338.07     0.720950E+00     0.266752E-03     0.278783E+00
        5.5163         5.9168         5.7204     0.863323E+05     337.19     0.722113E+00     0.267182E-03     0.277620E+00
        5.9168         6.3162         6.1200     0.833308E+05     336.31     0.723275E+00     0.267612E-03     0.276458E+00
        6.3162         6.7143         6.5186     0.804337E+05     335.44     0.724437E+00     0.268042E-03     0.275295E+00
        6.7143         7.1113         6.9160     0.776374E+05     334.57     0.725599E+00     0.268472E-03     0.274133E+00
        7.1113         7.5071         7.3122     0.749382E+05     333.71     0.726761E+00     0.268901E-03     0.272970E+00
        7.5071         7.9018         7.7073     0.723329E+05     332.85     0.727922E+00     0.269331E-03     0.271808E+00
        7.9018         8.2954         8.1013     0.698181E+05     332.00     0.729084E+00     0.269761E-03     0.270646E+00
        8.2954         8.6878         8.4941     0.673908E+05     331.15     0.730245E+00     0.270191E-03     0.269484E+00
        8.6878         9.0790         8.8858     0.650479E+05     330.31     0.731407E+00     0.270621E-03     0.268323E+00
        9.0790         9.4692         9.2764     0.627864E+05     329.47     0.732568E+00     0.271050E-03     0.267161E+00
        9.4692         9.8582         9.6659     0.606036E+05     328.63     0.733729E+00     0.271480E-03     0.266000E+00
        9.8582        10.2461        10.0543     0.584966E+05     327.80     0.734889E+00     0.271909E-03     0.264839E+00
       10.2461        10.6329        10.4416     0.564629E+05     326.98     0.736050E+00     0.272338E-03     0.263678E+00
       10.6329        11.0187        10.8278     0.544999E+05     326.16     0.737210E+00     0.272768E-03     0.262517E+00
       11.0187        11.4033        11.2129     0.526052E+05     325.34     0.738370E+00     0.273197E-03     0.261357E+00
       11.4033        11.7869        11.5969     0.507763E+05     324.53     0.739529E+00     0.273626E-03     0.260197E+00
       11.7869        12.1693        11.9799     0.490110E+05     323.72     0.740689E+00     0.274055E-03     0.259037E+00
       12.1693        12.5507        12.3618     0.473071E+05     322.91     0.741848E+00     0.274484E-03     0.257878E+00
       12.5507        12.9311        12.7426     0.456624E+05     322.11     0.743006E+00     0.274912E-03     0.256719E+00
       12.9311        13.3103        13.1223     0.440749E+05     321.32     0.744165E+00     0.275341E-03     0.255560E+00
       13.3103        13.6885        13.5010     0.425425E+05     320.52     0.745323E+00     0.275769E-03     0.254402E+00
       13.6885        14.0657        13.8787     0.410635E+05     319.73     0.746480E+00     0.276198E-03     0.253244E+00
       14.0657        14.4420        14.2553     0.396359E+05     318.95     0.747638E+00     0.276626E-03     0.252086E+00
       14.4420        14.8174        14.6312     0.382579E+05     318.21     0.748236E+00     0.276847E-03     0.251487E+00
       14.8174        15.1918        15.0060     0.369278E+05     317.44     0.749410E+00     0.277282E-03     0.250312E+00
       15.1918        15.5651        15.3798     0.356440E+05     316.66     0.750584E+00     0.277716E-03     0.249138E+00
       15.5651        15.9374        15.7526     0.344048E+05     315.89     0.751756E+00     0.278150E-03     0.247965E+00
       15.9374        16.3086        16.1243     0.332086E+05     315.13     0.752928E+00     0.278583E-03     0.246793E+00
       16.3086        16.6788        16.4950     0.320541E+05     314.37     0.754099E+00     0.279017E-03     0.245622E+00
       16.6788        17.0480        16.8647     0.309397E+05     313.61     0.755268E+00     0.279449E-03     0.244452E+00
       17.0480        17.4162        17.2334     0.298640E+05     312.85     0.756437E+00     0.279882E-03     0.243283E+00
       17.4162        17.7834        17.6010     0.288258E+05     312.10     0.757605E+00     0.280314E-03     0.242114E+00
       17.7834        18.1496        17.9677     0.278236E+05     311.36     0.758773E+00     0.280746E-03     0.240947E+00
       18.1496        18.5148        18.3333     0.268563E+05     310.61     0.759939E+00     0.281177E-03     0.239780E+00
       18.5148        18.8790        18.6980     0.259226E+05     309.87     0.761104E+00     0.281609E-03     0.238614E+00
       18.8790        19.2422        19.0617     0.250214E+05     309.14     0.762269E+00     0.282039E-03     0.237449E+00
       19.2422        19.6044        19.4244     0.241515E+05     308.41     0.763432E+00     0.282470E-03     0.236285E+00
       19.6044        19.9656        19.7861     0.233118E+05     307.68     0.764595E+00     0.282900E-03     0.235122E+00
       19.9656        20.3259        20.1468     0.225014E+05     306.95     0.765756E+00     0.283330E-03     0.233960E+00
       20.3259        20.6852        20.5066     0.217191E+05     306.23     0.766917E+00     0.283759E-03     0.232799E+00
       20.6852        21.0435        20.8654     0.209640E+05     305.51     0.768077E+00     0.284189E-03     0.231639E+00
       21.0435        21.4009        21.2232     0.202351E+05     304.80     0.769236E+00     0.284617E-03     0.230479E+00
       21.4009        21.7573        21.5801     0.195316E+05     304.09     0.770394E+00     0.285046E-03     0.229321E+00
       21.7573        22.1128        21.9360     0.188526E+05     303.38     0.771552E+00     0.285474E-03     0.228163E+00
       22.1128        22.4673        22.2910     0.181972E+05     302.67     0.772708E+00     0.285902E-03     0.227006E+00
       22.4673        22.8209        22.6451     0.175645E+05     301.97     0.773863E+00     0.286329E-03     0.225850E+00
       22.8209        23.1736        22.9982     0.169539E+05     301.27     0.775018E+00     0.286757E-03     0.224695E+00
       23.1736        23.5253        23.3503     0.163644E+05     300.58     0.776172E+00     0.287184E-03     0.223541E+00
       23.5253        23.8761        23.7016     0.157955E+05     299.89     0.777325E+00     0.287610E-03     0.222388E+00
       23.8761        24.2260        24.0519     0.152464E+05     299.20     0.778477E+00     0.288036E-03     0.221235E+00
       24.2260        24.5749        24.4013     0.147163E+05     298.52     0.779628E+00     0.288462E-03     0.220084E+00
       24.5749        24.9230        24.7498     0.142047E+05     297.83     0.780778E+00     0.288888E-03     0.218933E+00
       24.9230        25.2701        25.0973     0.137108E+05     297.16     0.781927E+00     0.289313E-03     0.217784E+00
       25.2701        25.6163        25.4440     0.132342E+05     296.48     0.783076E+00     0.289738E-03     0.216635E+00
       25.6163        25.9616        25.7898     0.127740E+05     295.81     0.784223E+00     0.290163E-03     0.215487E+00
       25.9616        26.3061        26.1346     0.123299E+05     295.14     0.785370E+00     0.290587E-03     0.214340E+00
       26.3061        26.6496        26.4786     0.119013E+05     294.47     0.786516E+00     0.291011E-03     0.213193E+00
       26.6496        26.9923        26.8217     0.114875E+05     293.81     0.787661E+00     0.291434E-03     0.212048E+00
       26.9923        27.3340        27.1639     0.110881E+05     293.15     0.788805E+00     0.291858E-03     0.210903E+00
       27.3340        27.6749        27.5052     0.107026E+05     292.49     0.789948E+00     0.292281E-03     0.209760E+00
       27.6749        28.0149        27.8456     0.103305E+05     291.84     0.791090E+00     0.292703E-03     0.208617E+00
       28.0149        28.3540        28.1852     0.997139E+04     291.18     0.792232E+00     0.293126E-03     0.207475E+00
       28.3540        28.6923        28.5239     0.962472E+04     290.54     0.793372E+00     0.293548E-03     0.206334E+00
       28.6923        29.0297        28.8617     0.929010E+04     289.89     0.794512E+00     0.293969E-03     0.205194E+00
       29.0297        29.3663        29.1987     0.896712E+04     289.25     0.795651E+00     0.294391E-03     0.204055E+00
       29.3663        29.7020        29.5348     0.865536E+04     288.61     0.796789E+00     0.294812E-03     0.202916E+00
       29.7020        30.0368        29.8701     0.835444E+04     287.97     0.797926E+00     0.295233E-03     0.201779E+00
       30.0368        30.3708        30.2045     0.806398E+04     287.33     0.799062E+00     0.295653E-03     0.200642E+00
       30.3708        30.7040        30.5380     0.778363E+04     286.70     0.800198E+00     0.296073E-03     0.199506E+00
       30.7040        31.0363        30.8708     0.751301E+04     286.07     0.801332E+00     0.296493E-03     0.198371E+00
       31.0363        31.3677        31.2027     0.725180E+04     285.45     0.802466E+00     0.296912E-03     0.197237E+00
       31.3677        31.6984        31.5337     0.699967E+04     284.82     0.803599E+00     0.297332E-03     0.196104E+00
       31.6984        32.0282        31.8639     0.675631E+04     284.20     0.804731E+00     0.297750E-03     0.194971E+00
       32.0282        32.3572        32.1933     0.652141E+04     283.58     0.805862E+00     0.298169E-03     0.193840E+00
       32.3572        32.6854        32.5219     0.629467E+04     282.97     0.806992E+00     0.298587E-03     0.192709E+00
       32.6854        33.0127        32.8497     0.607581E+04     282.35     0.808121E+00     0.299005E-03     0.191580E+00
       33.0127        33.3393        33.1766     0.586456E+04     281.74     0.809250E+00     0.299422E-03     0.190451E+00
       33.3393        33.6650        33.5028     0.566065E+04     281.13     0.810378E+00     0.299840E-03     0.189323E+00
       33.6650        33.9900        33.8281     0.546382E+04     280.53     0.811504E+00     0.300257E-03     0.188195E+00
       33.9900        34.3141        34.1526     0.527384E+04     279.92     0.812630E+00     0.300673E-03     0.187069E+00
       34.3141        34.6375        34.4764     0.509045E+04     279.32     0.813755E+00     0.301090E-03     0.185943E+00
       34.6375        34.9600        34.7993     0.491344E+04     278.72     0.814880E+00     0.301505E-03     0.184819E+00
       34.9600        35.2818        35.1215     0.474258E+04     278.13     0.816003E+00     0.301921E-03     0.183695E+00
       35.2818        35.6028        35.4429     0.457765E+04     277.53     0.817126E+00     0.302337E-03     0.182572E+00
       35.6028        35.9230        35.7635     0.441845E+04     276.94     0.818247E+00     0.302752E-03     0.181450E+00
       35.9230        36.2425        36.0833     0.426478E+04     276.35     0.819368E+00     0.303166E-03     0.180329E+00
       36.2425        36.5612        36.4024     0.411644E+04     275.77     0.820489E+00     0.303581E-03     0.179208E+00
       36.5612        36.8792        36.7207     0.397326E+04     275.18     0.821608E+00     0.303995E-03     0.178088E+00
       36.8792        37.1964        37.0383     0.383504E+04     274.60     0.822726E+00     0.304409E-03     0.176969E+00
       37.1964        37.5128        37.3551     0.370161E+04     274.02     0.823844E+00     0.304822E-03     0.175851E+00
       37.5128        37.8285        37.6712     0.357282E+04     273.44     0.824961E+00     0.305236E-03     0.174734E+00
       37.8285        38.1435        37.9866     0.344849E+04     272.86     0.826077E+00     0.305649E-03     0.173617E+00
       38.1435        38.4578        38.3012     0.332847E+04     272.29     0.827193E+00     0.306061E-03     0.172501E+00
       38.4578        38.7714        38.6151     0.321261E+04     271.72     0.828308E+00     0.306474E-03     0.171386E+00
       38.7714        39.0843        38.9284     0.310076E+04     271.15     0.829423E+00     0.306886E-03     0.170270E+00
       39.0843        39.3965        39.2409     0.299278E+04     270.58     0.830538E+00     0.307299E-03     0.169155E+00
       39.3965        39.7080        39.5527     0.288854E+04     270.02     0.831652E+00     0.307711E-03     0.168040E+00
       39.7080        40.0189        39.8639     0.278790E+04     269.45     0.832767E+00     0.308124E-03     0.166925E+00
       40.0189        40.3291        40.1745     0.269074E+04     268.89     0.833881E+00     0.308536E-03     0.165810E+00
       40.3291        40.6387        40.4844     0.259693E+04     268.33     0.834995E+00     0.308948E-03     0.164696E+00
       40.6387        40.9477        40.7937     0.250635E+04     267.77     0.836110E+00     0.309361E-03     0.163581E+00
       40.9477        41.2561        41.1024     0.241890E+04     267.22     0.837224E+00     0.309773E-03     0.162466E+00
       41.2561        41.5639        41.4105     0.233445E+04     266.66     0.838338E+00     0.310185E-03     0.161351E+00
       41.5639        41.8712        41.7180     0.225291E+04     266.11     0.839453E+00     0.310598E-03     0.160236E+00
       41.8712        42.1780        42.0250     0.217416E+04     265.56     0.840568E+00     0.311010E-03     0.159121E+00
       42.1780        42.4842        42.3315     0.209811E+04     265.01     0.841683E+00     0.311423E-03     0.158006E+00
       42.4842        42.7900        42.6375     0.202466E+04     264.46     0.842798E+00     0.311835E-03     0.156890E+00
       42.7900        43.0954        42.9431     0.195372E+04     263.92     0.843914E+00     0.312248E-03     0.155774E+00
       43.0954        43.4004        43.2483     0.188519E+04     263.37     0.845031E+00     0.312661E-03     0.154657E+00
       43.4004        43.7050        43.5530     0.181899E+04     262.83     0.846148E+00     0.313075E-03     0.153539E+00
       43.7050        44.0093        43.8575     0.175503E+04     262.28     0.847266E+00     0.313489E-03     0.152420E+00
       44.0093        44.3134        44.1617     0.169323E+04     261.74     0.848386E+00     0.313903E-03     0.151301E+00
       44.3134        44.6173        44.4656     0.163351E+04     261.20     0.849506E+00     0.314317E-03     0.150180E+00
       44.6173        44.9210        44.7694     0.157579E+04     260.66     0.850628E+00     0.314732E-03     0.149057E+00
       44.9210        45.2246        45.0731     0.152000E+04     260.12     0.851752E+00     0.315148E-03     0.147933E+00
       45.2246        45.5283        45.3767     0.146607E+04     259.59     0.852877E+00     0.315564E-03     0.146807E+00
       45.5283        45.8320        45.6804     0.141392E+04     259.05     0.854005E+00     0.315982E-03     0.145679E+00
       45.8320        46.1359        45.9842     0.136348E+04     258.51     0.855135E+00     0.316400E-03     0.144549E+00
       46.1359        46.4401        46.2882     0.131470E+04     257.97     0.856268E+00     0.316819E-03     0.143416E+00
       46.4401        46.7447        46.5925     0.126749E+04     257.44     0.857404E+00     0.317239E-03     0.142279E+00
       46.7447        47.0497        46.8973     0.122182E+04     256.90     0.858543E+00     0.317661E-03     0.141139E+00
       47.0497        47.3554        47.2026     0.117760E+04     256.36     0.859687E+00     0.318084E-03     0.139995E+00
       47.3554        47.6618        47.5086     0.113479E+04     255.82     0.860835E+00     0.318509E-03     0.138846E+00
       47.6618        47.9691        47.8155     0.109333E+04     255.28     0.861989E+00     0.318936E-03     0.137693E+00
       47.9691        48.2776        48.1233     0.105315E+04     254.74     0.863147E+00     0.319365E-03     0.136533E+00
       48.2776        48.5872        48.4323     0.101421E+04     254.20     0.864313E+00     0.319796E-03     0.135367E+00
       48.5872        48.8984        48.7427     0.976461E+03     253.66     0.865485E+00     0.320229E-03     0.134195E+00
       48.8984        49.2113        49.0546     0.939844E+03     253.11     0.866665E+00     0.320666E-03     0.133014E+00
       49.2113        49.5261        49.3684     0.904311E+03     252.56     0.867854E+00     0.321106E-03     0.131825E+00
       49.5261        49.8430        49.6842     0.869816E+03     252.01     0.869052E+00     0.321549E-03     0.130626E+00
       49.8430        50.1625        50.0024     0.836313E+03     251.45     0.870261E+00     0.321997E-03     0.129417E+00
       50.1625        50.4848        50.3232     0.803755E+03     250.89     0.871482E+00     0.322448E-03     0.128195E+00
       50.4848        50.8102        50.6469     0.772103E+03     250.33     0.872716E+00     0.322905E-03     0.126961E+00
       50.8102        51.1391        50.9740     0.741311E+03     249.76     0.873964E+00     0.323367E-03     0.125712E+00
       51.1391        51.4719        51.3047     0.711342E+03     249.19     0.875228E+00     0.323834E-03     0.124448E+00
       51.4719        51.8090        51.6396     0.682156E+03     248.61     0.876510E+00     0.324309E-03     0.123166E+00
       51.8090        52.1510        51.9790     0.653717E+03     248.02     0.877810E+00     0.324790E-03     0.121865E+00
       52.1510        52.4983        52.3235     0.625990E+03     247.42     0.879132E+00     0.325279E-03     0.120543E+00
       52.4983        52.8515        52.6737     0.598940E+03     246.81     0.880476E+00     0.325776E-03     0.119198E+00
       52.8515        53.2112        53.0300     0.572538E+03     246.20     0.881846E+00     0.326283E-03     0.117827E+00
       53.2112        53.5781        53.3931     0.546753E+03     245.57     0.883244E+00     0.326800E-03     0.116429E+00
       53.5781        53.9528        53.7638     0.521557E+03     244.93     0.884672E+00     0.327328E-03     0.115001E+00
       53.9528        54.3362        54.1426     0.496928E+03     244.28     0.886132E+00     0.327869E-03     0.113540E+00
       54.3362        54.7290        54.5305     0.472841E+03     243.61     0.887629E+00     0.328423E-03     0.112043E+00
       54.7290        55.1322        54.9283     0.449277E+03     242.89     0.889165E+00     0.328991E-03     0.110506E+00
       55.1322        55.5466        55.3368     0.426219E+03     242.19     0.890743E+00     0.329575E-03     0.108927E+00
       55.5466        55.9734        55.7572     0.403653E+03     241.48     0.892368E+00     0.330176E-03     0.107302E+00
       55.9734        56.4137        56.1905     0.381568E+03     240.74     0.894043E+00     0.330796E-03     0.105626E+00
       56.4137        56.8686        56.6378     0.359957E+03     239.97     0.895773E+00     0.331436E-03     0.103896E+00
       56.8686        57.3395        57.1004     0.338815E+03     239.18     0.897562E+00     0.332098E-03     0.102106E+00
       57.3395        57.8278        57.5797     0.318143E+03     238.36     0.899415E+00     0.332784E-03     0.100252E+00
       57.8278        58.3347        58.0769     0.297945E+03     237.51     0.901337E+00     0.333495E-03     0.983292E-01
       58.3347        58.8621        58.5937     0.278228E+03     236.62     0.903334E+00     0.334234E-03     0.963314E-01
       58.8621        59.4115        59.1317     0.259005E+03     235.70     0.905412E+00     0.335002E-03     0.942532E-01
       59.4115        59.9847        59.6926     0.240290E+03     234.73     0.907576E+00     0.335803E-03     0.920886E-01
       59.9847        60.5837        60.2783     0.222105E+03     233.72     0.909832E+00     0.336638E-03     0.898313E-01
       60.5837        61.2104        60.8906     0.204472E+03     232.67     0.912188E+00     0.337509E-03     0.874748E-01
       61.2104        61.8669        61.5318     0.187419E+03     231.56     0.914649E+00     0.338420E-03     0.850122E-01
       61.8669        62.5557        62.2039     0.170976E+03     230.39     0.917224E+00     0.339373E-03     0.824365E-01
       62.5557        63.2789        62.9094     0.155175E+03     229.17     0.919919E+00     0.340370E-03     0.797408E-01
       63.2789        64.0393        63.6507     0.140052E+03     227.88     0.922741E+00     0.341414E-03     0.769178E-01
       64.0393        64.8393        64.4303     0.125640E+03     226.53     0.925697E+00     0.342508E-03     0.739603E-01
       64.8393        65.6818        65.2510     0.111975E+03     225.09     0.928795E+00     0.343654E-03     0.708614E-01
       65.6818        66.5697        66.1156     0.990914E+02     223.58     0.932041E+00     0.344855E-03     0.676143E-01
       66.5697        67.5060        67.0270     0.870188E+02     221.98     0.935441E+00     0.346113E-03     0.642130E-01
       67.5060        68.4938        67.9884     0.757845E+02     220.29     0.939001E+00     0.347430E-03     0.606519E-01
       68.4938        69.5363        69.0029     0.654101E+02     218.50     0.942724E+00     0.348808E-03     0.569269E-01
       69.5363        70.6369        70.0738     0.559098E+02     216.59     0.946615E+00     0.350247E-03     0.530350E-01
       70.6369        71.7988        71.2045     0.472900E+02     214.58     0.950673E+00     0.351749E-03     0.489755E-01
       71.7988        73.0256        72.3982     0.395480E+02     212.43     0.954896E+00     0.353312E-03     0.447505E-01
       73.0256        74.3206        73.6585     0.326708E+02     210.15     0.959279E+00     0.354933E-03     0.403661E-01
       74.3206        75.6873        74.9887     0.266351E+02     207.72     0.963810E+00     0.356610E-03     0.358332E-01
       75.6873        77.1287        76.3923     0.214069E+02     205.12     0.968471E+00     0.358334E-03     0.311705E-01
       77.1287        78.6521        77.8723     0.169424E+02     202.33     0.973233E+00     0.360096E-03     0.264067E-01
       78.6521        80.2752        79.4396     0.131885E+02     200.00     0.973233E+00     0.360096E-03     0.264067E-01
       80.2752        82.0153        81.1196     0.100846E+02     200.00     0.973233E+00     0.360096E-03     0.264067E-01
       82.0153        83.8815        82.9209     0.756426E+01     200.00     0.973233E+00     0.360096E-03     0.264067E-01
       83.8815        85.8834        84.8531     0.555746E+01     200.00     0.973233E+00     0.360096E-03     0.264067E-01
       85.8834        88.0317        86.9263     0.399303E+01     200.00     0.973233E+00     0.360096E-03     0.264067E-01
       88.0317        90.3376        89.1513     0.280099E+01     200.00     0.973233E+00     0.360096E-03     0.264067E-01
       90.3376        92.8132        91.5398     0.191477E+01     200.00     0.973233E+00     0.360096E-03     0.264067E-01
       92.8132        95.4714        94.1044     0.127315E+01     200.00     0.973233E+00     0.360096E-03     0.264067E-01
       95.4714        98.3261        96.8583     0.821671E+00     200.00     0.973233E+00     0.360096E-03     0.264067E-01
       98.3261       101.3923        99.8162     0.513587E+00     200.00     0.973233E+00     0.360096E-03     0.264067E-01
      101.3923       104.6858       102.9933     0.310170E+00     200.00     0.973233E+00     0.360096E-03     0.264067E-01
      104.6858       108.2239       106.4062     0.180535E+00     200.00     0.973233E+00     0.360096E-03     0.264067E-01
      108.2239       111.8816       110.0727     0.101000E+00     200.00     0.973233E+00     0.360096E-03     0.264067E-01
