# Study case: Mars-like
# Diameter: 6778                  # Diameter of the planet [km]
# Gravity: 3.72                   # Gravity at the surface of the atmosphere [m/s2]
# Star-distance: 1.52             # Planet-star distance [ua]
# Star-type: Sun                  # Host-star type
# Star-temperature: 5772          # Host-star temperature [K]
# Absorbers = H2O, CO2, N2
# Incoming ToA stellar flux: 147  # Flux received by the planet [W/m2]
# Surface-temperature: 210        # Surface temperature [K]
# Surface-albedo: 0.25            # Surface albedo
# Surface-emissivity: 1           # Surface emissivity
# Surface Total Pressure (Pa) = 600
# Concentrations are volume mixing ratios
# LayerBottomAlt(km) LayerTopAlt(km)  Alt(km)    Pressure(Pa)  Temperature(K)     N2              CO2              H2O  
        0.0000         0.0000         0.0000     6.001200E+02     210.00     4.999000E-02     9.498100E-01     1.999600E-04
        0.0000         0.4889         0.3464     5.811351E+02     208.31     4.999000E-02     9.498100E-01     1.999600E-04
        0.4889         0.8435         0.6901     5.627508E+02     206.63     4.999000E-02     9.498100E-01     1.999600E-04
        0.8435         1.1883         1.0311     5.449481E+02     204.96     4.999000E-02     9.498100E-01     1.999600E-04
        1.1883         1.5280         1.3694     5.277085E+02     203.29     4.999000E-02     9.498100E-01     1.999600E-04
        1.5280         1.8640         1.7050     5.110144E+02     201.64     4.999000E-02     9.498100E-01     1.999600E-04
        1.8640         2.1968         2.0379     4.948484E+02     199.99     4.999000E-02     9.498100E-01     1.999600E-04
        2.1968         2.5267         2.3682     4.791937E+02     198.36     4.999000E-02     9.498100E-01     1.999600E-04
        2.5267         2.8537         2.6958     4.640344E+02     196.73     4.999000E-02     9.498100E-01     1.999600E-04
        2.8537         3.1779         3.0208     4.493545E+02     195.12     4.999000E-02     9.498100E-01     1.999600E-04
        3.1779         3.4994         3.3432     4.351391E+02     193.51     4.999000E-02     9.498100E-01     1.999600E-04
        3.4994         3.8182         3.6629     4.213734E+02     191.91     4.999000E-02     9.498100E-01     1.999600E-04
        3.8182         4.1345         3.9801     4.080432E+02     190.32     5.001176E-02     9.498100E-01     1.781997E-04
        4.1345         4.4482         4.2948     3.951347E+02     188.80     5.004654E-02     9.498100E-01     1.434252E-04
        4.4482         4.7594         4.6071     3.826345E+02     187.28     5.007507E-02     9.498100E-01     1.148910E-04
        4.7594         5.0681         4.9168     3.705298E+02     185.75     5.009835E-02     9.498100E-01     9.161192E-05
        5.0681         5.3743         5.2241     3.588080E+02     184.23     5.011724E-02     9.498100E-01     7.272444E-05
        5.3743         5.6780         5.5288     3.474571E+02     182.71     5.013248E-02     9.498100E-01     5.748037E-05
        5.6780         5.9792         5.8312     3.364652E+02     181.20     5.014472E-02     9.498100E-01     4.523869E-05
        5.9792         6.2779         6.1310     3.258211E+02     179.69     5.015451E-02     9.498100E-01     3.545557E-05
        6.2779         6.5742         6.4284     3.155137E+02     178.18     5.016229E-02     9.498100E-01     2.767377E-05
        6.5742         6.8680         6.7233     3.055323E+02     176.69     5.016845E-02     9.498100E-01     2.151197E-05
        6.8680         7.1594         7.0158     2.958668E+02     175.19     5.017331E-02     9.498100E-01     1.665453E-05
        7.1594         7.4483         7.3059     2.865070E+02     173.71     5.017712E-02     9.498100E-01     1.284197E-05
        7.4483         7.7348         7.5935     2.774433E+02     172.23     5.018010E-02     9.498100E-01     9.862338E-06
        7.7348         8.0189         7.8787     2.686663E+02     170.76     5.018242E-02     9.498100E-01     7.543531E-06
        8.0189         8.3006         8.1616     2.601670E+02     169.30     5.018422E-02     9.498100E-01     5.746582E-06
        8.3006         8.5800         8.4420     2.519366E+02     167.84     5.018560E-02     9.498100E-01     4.359886E-06
        8.5800         8.8569         8.7201     2.439665E+02     166.40     5.018667E-02     9.498100E-01     3.294266E-06
        8.8569         9.1315         8.9959     2.362486E+02     164.96     5.018748E-02     9.498100E-01     2.478822E-06
        9.1315         9.4038         9.2692     2.287748E+02     163.53     5.018810E-02     9.498100E-01     1.857454E-06
        9.4038         9.6737         9.5403     2.215375E+02     162.11     5.018858E-02     9.498100E-01     1.385982E-06
        9.6737         9.9413         9.8090     2.145291E+02     160.70     5.018893E-02     9.498100E-01     1.029778E-06
        9.9413        10.2067        10.0755     2.077425E+02     159.29     5.018920E-02     9.498100E-01     7.618235E-07
       10.2067        10.4697        10.3396     2.011705E+02     157.90     5.018940E-02     9.498100E-01     5.611338E-07
       10.4697        10.7305        10.6015     1.948064E+02     156.51     5.018955E-02     9.498100E-01     4.114865E-07
       10.7305        10.9890        10.8610     1.886437E+02     155.14     5.018966E-02     9.498100E-01     3.003979E-07
       10.9890        11.2452        11.1184     1.826759E+02     153.77     5.018974E-02     9.498100E-01     2.183053E-07
       11.2452        11.4992        11.3735     1.768969E+02     152.41     5.018980E-02     9.498100E-01     1.579178E-07
       11.4992        11.7510        11.6264     1.713008E+02     151.05     5.018985E-02     9.498100E-01     1.137024E-07
       11.7510        12.0006        11.8770     1.658816E+02     149.71     5.018988E-02     9.498100E-01     8.148022E-08
       12.0006        12.2480        12.1255     1.606339E+02     148.38     5.018990E-02     9.498100E-01     5.810987E-08
       12.2480        12.4933        12.3718     1.555522E+02     147.05     5.018992E-02     9.498100E-01     4.124142E-08
       12.4933        12.7363        12.6159     1.506313E+02     145.73     5.018993E-02     9.498100E-01     2.912551E-08
       12.7363        12.9772        12.8579     1.458661E+02     144.42     5.018994E-02     9.498100E-01     2.046630E-08
       12.9772        13.2160        13.0977     1.412516E+02     143.12     5.018995E-02     9.498100E-01     1.430870E-08
       13.2160        13.4526        13.3354     1.367831E+02     141.83     5.018995E-02     9.498100E-01     9.952330E-09
       13.4526        13.6872        13.5709     1.324559E+02     140.55     5.018996E-02     9.498100E-01     6.886227E-09
       13.6872        13.9196        13.8044     1.282656E+02     139.27     5.018996E-02     9.498100E-01     4.739555E-09
       13.9196        14.1526        14.0357     1.242079E+02     138.00     5.018996E-02     9.498100E-01     3.244595E-09
       14.1526        14.3877        14.2705     1.202786E+02     136.75     1.131726E-01     8.868274E-01     2.209108E-09
       14.3877        14.6235        14.5060     1.164736E+02     136.47     1.257124E-01     8.742876E-01     2.081667E-09
       14.6235        14.8600        14.7421     1.127889E+02     136.20     1.380992E-01     8.619008E-01     1.961409E-09
       14.8600        15.0971        14.9789     1.092208E+02     135.93     1.503351E-01     8.496649E-01     1.847936E-09
       15.0971        15.3349        15.2163     1.057656E+02     135.66     1.624220E-01     8.375780E-01     1.740873E-09
       15.3349        15.5734        15.4544     1.024197E+02     135.39     1.743618E-01     8.256382E-01     1.639866E-09
       15.5734        15.8125        15.6932     9.917960E+01     135.12     1.861566E-01     8.138434E-01     1.544578E-09
       15.8125        16.0522        15.9326     9.604204E+01     134.85     1.978081E-01     8.021919E-01     1.454692E-09
       16.0522        16.2926        16.1727     9.300373E+01     134.59     2.093183E-01     7.906817E-01     1.369909E-09
       16.2926        16.5336        16.4134     9.006154E+01     134.32     2.206889E-01     7.793111E-01     1.289944E-09
       16.5336        16.7752        16.6547     8.721243E+01     134.05     2.319217E-01     7.680782E-01     1.214530E-09
       16.7752        17.0175        16.8966     8.445345E+01     133.79     2.430186E-01     7.569814E-01     1.143413E-09
       17.0175        17.2604        17.1392     8.178175E+01     133.53     2.539812E-01     7.460188E-01     1.076353E-09
       17.2604        17.5039        17.3824     7.919457E+01     133.26     2.648112E-01     7.351888E-01     1.013124E-09
       17.5039        17.7479        17.6262     7.668923E+01     133.00     2.755104E-01     7.244896E-01     9.535120E-10
       17.7479        17.9926        17.8706     7.426315E+01     132.74     2.860803E-01     7.139197E-01     8.973147E-10
       17.9926        18.2379        18.1155     7.191383E+01     132.48     2.965227E-01     7.034773E-01     8.443409E-10
       18.2379        18.4838        18.3611     6.963882E+01     132.22     3.068390E-01     6.931610E-01     7.944099E-10
       18.4838        18.7302        18.6072     6.743578E+01     131.96     3.170310E-01     6.829690E-01     7.473509E-10
       18.7302        18.9772        18.8540     6.530244E+01     131.70     3.271001E-01     6.728999E-01     7.030025E-10
       18.9772        19.2248        19.1012     6.323659E+01     131.45     3.370479E-01     6.629521E-01     6.612124E-10
       19.2248        19.4729        19.3491     6.123609E+01     131.19     3.468759E-01     6.531241E-01     6.218364E-10
       19.4729        19.7216        19.5975     5.929887E+01     130.94     3.565856E-01     6.434144E-01     5.847385E-10
       19.7216        19.9708        19.8465     5.742294E+01     130.68     3.661784E-01     6.338216E-01     5.497900E-10
       19.9708        20.2206        20.0960     5.560636E+01     130.43     3.756558E-01     6.243442E-01     5.168696E-10
       20.2206        20.4705        20.3460     5.384724E+01     130.17     3.850192E-01     6.149808E-01     4.858624E-10
       20.4705        20.7203        20.5957     5.214377E+01     130.00     3.850192E-01     6.149808E-01     4.858624E-10
       20.7203        20.9701        20.8455     5.049419E+01     130.00     3.850192E-01     6.149808E-01     4.858624E-10
       20.9701        21.2199        21.0953     4.889680E+01     130.00     3.850192E-01     6.149808E-01     4.858624E-10
       21.2199        21.4698        21.3452     4.734994E+01     130.00     3.850192E-01     6.149808E-01     4.858624E-10
       21.4698        21.7197        21.5951     4.585202E+01     130.00     3.850192E-01     6.149808E-01     4.858624E-10
       21.7197        21.9696        21.8450     4.440148E+01     130.00     3.850192E-01     6.149808E-01     4.858624E-10
       21.9696        22.2196        22.0950     4.299683E+01     130.00     3.850192E-01     6.149808E-01     4.858624E-10
       22.2196        22.4696        22.3450     4.163662E+01     130.00     3.850192E-01     6.149808E-01     4.858624E-10
       22.4696        22.7197        22.5950     4.031944E+01     130.00     3.850192E-01     6.149808E-01     4.858624E-10
       22.7197        22.9698        22.8451     3.904393E+01     130.00     3.850192E-01     6.149808E-01     4.858624E-10
       22.9698        23.2199        23.0952     3.780876E+01     130.00     3.850192E-01     6.149808E-01     4.858624E-10
       23.2199        23.4701        23.3453     3.661268E+01     130.00     3.850192E-01     6.149808E-01     4.858624E-10
       23.4701        23.7203        23.5955     3.545443E+01     130.00     3.850192E-01     6.149808E-01     4.858624E-10
       23.7203        23.9705        23.8457     3.433282E+01     130.00     3.850192E-01     6.149808E-01     4.858624E-10
       23.9705        24.2208        24.0960     3.324670E+01     130.00     3.850192E-01     6.149808E-01     4.858624E-10
       24.2208        24.4711        24.3463     3.219493E+01     130.00     3.850192E-01     6.149808E-01     4.858624E-10
       24.4711        24.7215        24.5966     3.117644E+01     130.00     3.850192E-01     6.149808E-01     4.858624E-10
       24.7215        24.9719        24.8470     3.019017E+01     130.00     3.850192E-01     6.149808E-01     4.858624E-10
       24.9719        25.2223        25.0974     2.923510E+01     130.00     3.850192E-01     6.149808E-01     4.858624E-10
       25.2223        25.4727        25.3478     2.831024E+01     130.00     3.850192E-01     6.149808E-01     4.858624E-10
       25.4727        25.7232        25.5983     2.741464E+01     130.00     3.850192E-01     6.149808E-01     4.858624E-10
       25.7232        25.9738        25.8488     2.654737E+01     130.00     3.850192E-01     6.149808E-01     4.858624E-10
       25.9738        26.2243        26.0993     2.570754E+01     130.00     3.850192E-01     6.149808E-01     4.858624E-10
       26.2243        26.4749        26.3499     2.489428E+01     130.00     3.850192E-01     6.149808E-01     4.858624E-10
       26.4749        26.7256        26.6006     2.410674E+01     130.00     3.850192E-01     6.149808E-01     4.858624E-10
       26.7256        26.9763        26.8512     2.334412E+01     130.00     3.850192E-01     6.149808E-01     4.858624E-10
       26.9763        27.2270        27.1019     2.260563E+01     130.00     3.850192E-01     6.149808E-01     4.858624E-10
       27.2270        27.4777        27.3526     2.189049E+01     130.00     3.850192E-01     6.149808E-01     4.858624E-10
       27.4777        27.7285        27.6034     2.119798E+01     130.00     3.850192E-01     6.149808E-01     4.858624E-10
       27.7285        27.9794        27.8542     2.052738E+01     130.00     3.850192E-01     6.149808E-01     4.858624E-10
       27.9794        28.2302        28.1051     1.987800E+01     130.00     3.850192E-01     6.149808E-01     4.858624E-10
       28.2302        28.4811        28.3559     1.924915E+01     130.00     3.850192E-01     6.149808E-01     4.858624E-10
       28.4811        28.7321        28.6069     1.864020E+01     130.00     3.850192E-01     6.149808E-01     4.858624E-10
       28.7321        28.9830        28.8578     1.805051E+01     130.00     3.850192E-01     6.149808E-01     4.858624E-10
       28.9830        29.2340        29.1088     1.747948E+01     130.00     3.850192E-01     6.149808E-01     4.858624E-10
       29.2340        29.4851        29.3598     1.692652E+01     130.00     3.850192E-01     6.149808E-01     4.858624E-10
       29.4851        29.7362        29.6109     1.639104E+01     130.00     3.850192E-01     6.149808E-01     4.858624E-10
       29.7362        29.9873        29.8620     1.587251E+01     130.00     3.850192E-01     6.149808E-01     4.858624E-10
       29.9873        30.2385        30.1131     1.537038E+01     130.00     3.850192E-01     6.149808E-01     4.858624E-10
       30.2385        30.4897        30.3643     1.488414E+01     130.00     3.850192E-01     6.149808E-01     4.858624E-10
       30.4897        30.7409        30.6155     1.441327E+01     130.00     3.850192E-01     6.149808E-01     4.858624E-10
       30.7409        30.9922        30.8668     1.395731E+01     130.00     3.850192E-01     6.149808E-01     4.858624E-10
       30.9922        31.2435        31.1181     1.351577E+01     130.00     3.850192E-01     6.149808E-01     4.858624E-10
       31.2435        31.4948        31.3694     1.308819E+01     130.00     3.850192E-01     6.149808E-01     4.858624E-10
       31.4948        31.7462        31.6207     1.267414E+01     130.00     3.850192E-01     6.149808E-01     4.858624E-10
       31.7462        31.9976        31.8721     1.227320E+01     130.00     3.850192E-01     6.149808E-01     4.858624E-10
       31.9976        32.2491        32.1236     1.188493E+01     130.00     3.850192E-01     6.149808E-01     4.858624E-10
       32.2491        32.5005        32.3750     1.150895E+01     130.00     3.850192E-01     6.149808E-01     4.858624E-10
       32.5005        32.7521        32.6265     1.114486E+01     130.00     3.850192E-01     6.149808E-01     4.858624E-10
       32.7521        33.0036        32.8781     1.079229E+01     130.00     3.850192E-01     6.149808E-01     4.858624E-10
       33.0036        33.2552        33.1297     1.045088E+01     130.00     3.850192E-01     6.149808E-01     4.858624E-10
       33.2552        33.5069        33.3813     1.012026E+01     130.00     3.850192E-01     6.149808E-01     4.858624E-10
       33.5069        33.7586        33.6329     9.800104E+00     130.00     3.850192E-01     6.149808E-01     4.858624E-10
       33.7586        34.0103        33.8846     9.490076E+00     130.00     3.850192E-01     6.149808E-01     4.858624E-10
       34.0103        34.2620        34.1364     9.189856E+00     130.00     3.850192E-01     6.149808E-01     4.858624E-10
       34.2620        34.5138        34.3881     8.899133E+00     130.00     3.850192E-01     6.149808E-01     4.858624E-10
       34.5138        34.7656        34.6399     8.617607E+00     130.00     3.850192E-01     6.149808E-01     4.858624E-10
       34.7656        35.0175        34.8918     8.344988E+00     130.00     3.850192E-01     6.149808E-01     4.858624E-10
       35.0175        35.2694        35.1437     8.080993E+00     130.00     3.850192E-01     6.149808E-01     4.858624E-10
       35.2694        35.5213        35.3956     7.825349E+00     130.00     3.850192E-01     6.149808E-01     4.858624E-10
       35.5213        35.7733        35.6475     7.577793E+00     130.00     3.850192E-01     6.149808E-01     4.858624E-10
       35.7733        36.0253        35.8995     7.338068E+00     130.00     3.850192E-01     6.149808E-01     4.858624E-10
       36.0253        36.2773        36.1515     7.105927E+00     130.00     3.850192E-01     6.149808E-01     4.858624E-10
       36.2773        36.5294        36.4036     6.881129E+00     130.00     3.850192E-01     6.149808E-01     4.858624E-10
       36.5294        36.7816        36.6557     6.663444E+00     130.00     3.850192E-01     6.149808E-01     4.858624E-10
       36.7816        37.0337        36.9078     6.452644E+00     130.00     3.850192E-01     6.149808E-01     4.858624E-10
       37.0337        37.2859        37.1600     6.248514E+00     130.00     3.850192E-01     6.149808E-01     4.858624E-10
       37.2859        37.5381        37.4122     6.050841E+00     130.00     3.850192E-01     6.149808E-01     4.858624E-10
       37.5381        37.7904        37.6645     5.859422E+00     130.00     3.850192E-01     6.149808E-01     4.858624E-10
       37.7904        38.0427        37.9168     5.674058E+00     130.00     3.850192E-01     6.149808E-01     4.858624E-10
       38.0427        38.2951        38.1691     5.494558E+00     130.00     3.850192E-01     6.149808E-01     4.858624E-10
       38.2951        38.5474        38.4214     5.320737E+00     130.00     3.850192E-01     6.149808E-01     4.858624E-10
       38.5474        38.7998        38.6738     5.152414E+00     130.00     3.850192E-01     6.149808E-01     4.858624E-10
       38.7998        39.0523        38.9263     4.989417E+00     130.00     3.850192E-01     6.149808E-01     4.858624E-10
       39.0523        39.3048        39.1787     4.831576E+00     130.00     3.850192E-01     6.149808E-01     4.858624E-10
       39.3048        39.5573        39.4313     4.678728E+00     130.00     3.850192E-01     6.149808E-01     4.858624E-10
       39.5573        39.8099        39.6838     4.530715E+00     130.00     3.850192E-01     6.149808E-01     4.858624E-10
       39.8099        40.0625        39.9364     4.387385E+00     130.00     3.850192E-01     6.149808E-01     4.858624E-10
       40.0625        40.3151        40.1890     4.248590E+00     130.00     3.850192E-01     6.149808E-01     4.858624E-10
       40.3151        40.5678        40.4417     4.114185E+00     130.00     3.850192E-01     6.149808E-01     4.858624E-10
       40.5678        40.8205        40.6944     3.984032E+00     130.00     3.850192E-01     6.149808E-01     4.858624E-10
       40.8205        41.0733        40.9471     3.857996E+00     130.00     3.850192E-01     6.149808E-01     4.858624E-10
       41.0733        41.3261        41.1999     3.735948E+00     130.00     3.850192E-01     6.149808E-01     4.858624E-10
       41.3261        41.5789        41.4527     3.617761E+00     130.00     3.850192E-01     6.149808E-01     4.858624E-10
       41.5789        41.8318        41.7055     3.503312E+00     130.00     3.850192E-01     6.149808E-01     4.858624E-10
       41.8318        42.0847        41.9584     3.392484E+00     130.00     3.850192E-01     6.149808E-01     4.858624E-10
       42.0847        42.3376        42.2113     3.285162E+00     130.00     3.850192E-01     6.149808E-01     4.858624E-10
       42.3376        42.5906        42.4643     3.181236E+00     130.00     3.850192E-01     6.149808E-01     4.858624E-10
       42.5906        42.8436        42.7173     3.080597E+00     130.00     3.850192E-01     6.149808E-01     4.858624E-10
       42.8436        43.0966        42.9703     2.983141E+00     130.00     3.850192E-01     6.149808E-01     4.858624E-10
       43.0966        43.3497        43.2234     2.888769E+00     130.00     3.850192E-01     6.149808E-01     4.858624E-10
       43.3497        43.6028        43.4765     2.797383E+00     130.00     3.850192E-01     6.149808E-01     4.858624E-10
       43.6028        43.8560        43.7296     2.708887E+00     130.00     3.850192E-01     6.149808E-01     4.858624E-10
       43.8560        44.1092        43.9828     2.623191E+00     130.00     3.850192E-01     6.149808E-01     4.858624E-10
       44.1092        44.3624        44.2360     2.540206E+00     130.00     3.850192E-01     6.149808E-01     4.858624E-10
       44.3624        44.6157        44.4893     2.459846E+00     130.00     3.850192E-01     6.149808E-01     4.858624E-10
       44.6157        44.8690        44.7425     2.382028E+00     130.00     3.850192E-01     6.149808E-01     4.858624E-10
       44.8690        45.1224        44.9959     2.306672E+00     130.00     3.850192E-01     6.149808E-01     4.858624E-10
       45.1224        45.3758        45.2492     2.233700E+00     130.00     3.850192E-01     6.149808E-01     4.858624E-10
       45.3758        45.6292        45.5026     2.163037E+00     130.00     3.850192E-01     6.149808E-01     4.858624E-10
       45.6292        45.8826        45.7561     2.094609E+00     130.00     3.850192E-01     6.149808E-01     4.858624E-10
       45.8826        46.1361        46.0096     2.028345E+00     130.00     3.850192E-01     6.149808E-01     4.858624E-10
       46.1361        46.3897        46.2631     1.964178E+00     130.00     3.850192E-01     6.149808E-01     4.858624E-10
       46.3897        46.6433        46.5166     1.902041E+00     130.00     3.850192E-01     6.149808E-01     4.858624E-10
       46.6433        46.8969        46.7702     1.841870E+00     130.00     3.850192E-01     6.149808E-01     4.858624E-10
       46.8969        47.1505        47.0239     1.783602E+00     130.00     3.850192E-01     6.149808E-01     4.858624E-10
       47.1505        47.4042        47.2775     1.727177E+00     130.00     3.850192E-01     6.149808E-01     4.858624E-10
       47.4042        47.6579        47.5312     1.672538E+00     130.00     3.850192E-01     6.149808E-01     4.858624E-10
       47.6579        47.9117        47.7850     1.619627E+00     130.00     3.850192E-01     6.149808E-01     4.858624E-10
       47.9117        48.1655        48.0387     1.568390E+00     130.00     3.850192E-01     6.149808E-01     4.858624E-10
       48.1655        48.4193        48.2926     1.518773E+00     130.00     3.850192E-01     6.149808E-01     4.858624E-10
       48.4193        48.6732        48.5464     1.470727E+00     130.00     3.850192E-01     6.149808E-01     4.858624E-10
       48.6732        48.9271        48.8003     1.424200E+00     130.00     3.850192E-01     6.149808E-01     4.858624E-10
       48.9271        49.1810        49.0542     1.379145E+00     130.00     3.850192E-01     6.149808E-01     4.858624E-10
       49.1810        49.4350        49.3082     1.335516E+00     130.00     3.850192E-01     6.149808E-01     4.858624E-10
       49.4350        49.6891        49.5622     1.293266E+00     130.00     3.850192E-01     6.149808E-01     4.858624E-10
       49.6891        49.9431        49.8162     1.252354E+00     130.00     3.850192E-01     6.149808E-01     4.858624E-10
       49.9431        50.1972        50.0703     1.212735E+00     130.00     3.850192E-01     6.149808E-01     4.858624E-10
       50.1972        50.4513        50.3244     1.174370E+00     130.00     3.850192E-01     6.149808E-01     4.858624E-10
       50.4513        50.7055        50.5786     1.137219E+00     130.00     3.850192E-01     6.149808E-01     4.858624E-10
       50.7055        50.9597        50.8328     1.101243E+00     130.00     3.850192E-01     6.149808E-01     4.858624E-10
       50.9597        51.2140        51.0870     1.066405E+00     130.00     3.850192E-01     6.149808E-01     4.858624E-10
       51.2140        51.4683        51.3413     1.032669E+00     130.00     3.850192E-01     6.149808E-01     4.858624E-10
       51.4683        51.7238        51.5956     1.000000E+00     130.00     3.850192E-01     6.149808E-01     4.858624E-10

