# Study case: Venus-like
# Diameter: 12102                 # Diameter of the planet [km]
# Gravity: 8.87                   # Gravity at the surface of the atmosphere [m/s2]
# Star-distance: 0.72             # Planet-star distance [ua]
# Star-type: Sun                  # Host-star type
# Star-temperature: 5772          # Host-star temperature [K]
# Absorbers = H2O, CO2, N2
# Incoming ToA stellar flux: 651  # Flux received by the planet [W/m2]
# Surface-temperature: 735        # Surface temperature [K]
# Surface-albedo: 0.3             # Surface albedo
# Surface-emissivity: 1           # Surface emissivity
# Surface Total Pressure (Pa) = 92e5
# Concentrations are volume mixing ratios
# LayerBottomAlt(km) LayerTopAlt(km)  Alt(km)    Pressure(Pa)  Temperature(K)     N2              CO2              H2O    
        0.0000         0.0000         0.0000     0.920000E+07     735.00     0.350000E-01     0.965000E+00     0.000000E+00
        0.0000         0.9205         0.6521     0.878798E+07     729.61     0.350000E-01     0.965000E+00     0.000000E+00
        0.9205         1.5887         1.2995     0.839442E+07     724.24     0.350000E-01     0.965000E+00     0.000000E+00
        1.5887         2.2388         1.9423     0.801848E+07     718.91     0.350000E-01     0.965000E+00     0.000000E+00
        2.2388         2.8799         2.5805     0.765937E+07     713.60     0.350000E-01     0.965000E+00     0.000000E+00
        2.8799         3.5145         3.2140     0.731635E+07     708.32     0.350000E-01     0.965000E+00     0.000000E+00
        3.5145         4.1435         3.8430     0.698869E+07     703.07     0.350000E-01     0.965000E+00     0.000000E+00
        4.1435         4.7674         4.4675     0.667571E+07     697.84     0.350000E-01     0.965000E+00     0.000000E+00
        4.7674         5.3863         5.0874     0.637674E+07     692.64     0.350000E-01     0.965000E+00     0.000000E+00
        5.3863         6.0005         5.7028     0.609116E+07     687.47     0.350000E-01     0.965000E+00     0.000000E+00
        6.0005         6.6100         6.3137     0.581837E+07     682.32     0.350000E-01     0.965000E+00     0.000000E+00
        6.6100         7.2149         6.9201     0.555779E+07     677.20     0.350000E-01     0.965000E+00     0.000000E+00
        7.2149         7.8152         7.5221     0.530889E+07     672.11     0.350000E-01     0.965000E+00     0.000000E+00
        7.8152         8.4111         8.1197     0.507114E+07     667.04     0.350000E-01     0.965000E+00     0.000000E+00
        8.4111         9.0025         8.7129     0.484403E+07     662.01     0.350000E-01     0.965000E+00     0.000000E+00
        9.0025         9.5894         9.3017     0.462709E+07     656.99     0.350000E-01     0.965000E+00     0.000000E+00
        9.5894        10.1720         9.8861     0.441987E+07     652.01     0.350000E-01     0.965000E+00     0.000000E+00
       10.1720        10.7502        10.4662     0.422192E+07     647.04     0.350000E-01     0.965000E+00     0.000000E+00
       10.7502        11.3241        11.0419     0.403285E+07     642.11     0.350000E-01     0.965000E+00     0.000000E+00
       11.3241        11.8936        11.6134     0.385224E+07     637.20     0.350000E-01     0.965000E+00     0.000000E+00
       11.8936        12.4589        12.1806     0.367972E+07     632.32     0.350000E-01     0.965000E+00     0.000000E+00
       12.4589        13.0199        12.7435     0.351492E+07     627.46     0.350000E-01     0.965000E+00     0.000000E+00
       13.0199        13.5766        13.3022     0.335751E+07     622.63     0.350000E-01     0.965000E+00     0.000000E+00
       13.5766        14.1291        13.8567     0.320714E+07     617.82     0.350000E-01     0.965000E+00     0.000000E+00
       14.1291        14.6775        14.4069     0.306351E+07     613.04     0.350000E-01     0.965000E+00     0.000000E+00
       14.6775        15.2216        14.9530     0.292632E+07     608.28     0.350000E-01     0.965000E+00     0.000000E+00
       15.2216        15.7616        15.4950     0.279526E+07     603.55     0.350000E-01     0.965000E+00     0.000000E+00
       15.7616        16.2975        16.0328     0.267008E+07     598.84     0.350000E-01     0.965000E+00     0.000000E+00
       16.2975        16.8292        16.5665     0.255050E+07     594.16     0.350000E-01     0.965000E+00     0.000000E+00
       16.8292        17.3569        17.0961     0.243628E+07     589.50     0.350000E-01     0.965000E+00     0.000000E+00
       17.3569        17.8804        17.6216     0.232717E+07     584.87     0.350000E-01     0.965000E+00     0.000000E+00
       17.8804        18.4000        18.1431     0.222295E+07     580.26     0.350000E-01     0.965000E+00     0.000000E+00
       18.4000        18.9155        18.6605     0.212339E+07     575.68     0.350000E-01     0.965000E+00     0.000000E+00
       18.9155        19.4270        19.1739     0.202830E+07     571.12     0.350000E-01     0.965000E+00     0.000000E+00
       19.4270        19.9345        19.6834     0.193746E+07     566.58     0.350000E-01     0.965000E+00     0.000000E+00
       19.9345        20.4380        20.1888     0.185069E+07     562.07     0.350000E-01     0.965000E+00     0.000000E+00
       20.4380        20.9376        20.6903     0.176781E+07     557.59     0.350000E-01     0.965000E+00     0.000000E+00
       20.9376        21.4333        21.1879     0.168864E+07     553.13     0.350000E-01     0.965000E+00     0.000000E+00
       21.4333        21.9250        21.6815     0.161302E+07     548.69     0.350000E-01     0.965000E+00     0.000000E+00
       21.9250        22.4129        22.1712     0.154078E+07     544.27     0.350000E-01     0.965000E+00     0.000000E+00
       22.4129        22.8968        22.6571     0.147177E+07     539.88     0.350000E-01     0.965000E+00     0.000000E+00
       22.8968        23.3770        23.1391     0.140586E+07     535.51     0.350000E-01     0.965000E+00     0.000000E+00
       23.3770        23.8533        23.6173     0.134290E+07     531.17     0.350000E-01     0.965000E+00     0.000000E+00
       23.8533        24.3258        24.0916     0.128276E+07     526.85     0.350000E-01     0.965000E+00     0.000000E+00
       24.3258        24.7945        24.5622     0.122531E+07     522.55     0.350000E-01     0.965000E+00     0.000000E+00
       24.7945        25.2594        25.0290     0.117044E+07     518.28     0.350000E-01     0.965000E+00     0.000000E+00
       25.2594        25.7206        25.4920     0.111802E+07     514.03     0.350000E-01     0.965000E+00     0.000000E+00
       25.7206        26.1780        25.9513     0.106795E+07     509.80     0.350000E-01     0.965000E+00     0.000000E+00
       26.1780        26.6318        26.4068     0.102012E+07     505.60     0.350000E-01     0.965000E+00     0.000000E+00
       26.6318        27.0818        26.8587     0.974436E+06     501.42     0.350000E-01     0.965000E+00     0.000000E+00
       27.0818        27.5282        27.3068     0.930796E+06     497.26     0.350000E-01     0.965000E+00     0.000000E+00
       27.5282        27.9709        27.7513     0.889111E+06     493.13     0.350000E-01     0.965000E+00     0.000000E+00
       27.9709        28.4099        28.1922     0.849292E+06     489.01     0.350000E-01     0.965000E+00     0.000000E+00
       28.4099        28.8454        28.6294     0.811257E+06     484.93     0.350000E-01     0.965000E+00     0.000000E+00
       28.8454        29.2773        29.0630     0.774925E+06     480.86     0.350000E-01     0.965000E+00     0.000000E+00
       29.2773        29.7055        29.4931     0.740221E+06     476.81     0.350000E-01     0.965000E+00     0.000000E+00
       29.7055        30.1302        29.9195     0.707070E+06     472.79     0.350000E-01     0.965000E+00     0.000000E+00
       30.1302        30.5514        30.3424     0.675404E+06     468.79     0.350000E-01     0.965000E+00     0.000000E+00
       30.5514        30.9690        30.7618     0.645157E+06     464.82     0.350000E-01     0.965000E+00     0.000000E+00
       30.9690        31.3832        31.1777     0.616264E+06     460.86     0.350000E-01     0.965000E+00     0.000000E+00
       31.3832        31.7938        31.5900     0.588664E+06     456.93     0.350000E-01     0.965000E+00     0.000000E+00
       31.7938        32.2010        31.9989     0.562301E+06     453.02     0.350000E-01     0.965000E+00     0.000000E+00
       32.2010        32.6048        32.4044     0.537119E+06     449.14     0.350000E-01     0.965000E+00     0.000000E+00
       32.6048        33.0051        32.8064     0.513064E+06     445.27     0.350000E-01     0.965000E+00     0.000000E+00
       33.0051        33.4020        33.2050     0.490087E+06     441.43     0.350000E-01     0.965000E+00     0.000000E+00
       33.4020        33.7955        33.6001     0.468139E+06     437.61     0.350000E-01     0.965000E+00     0.000000E+00
       33.7955        34.1856        33.9919     0.447173E+06     433.81     0.350000E-01     0.965000E+00     0.000000E+00
       34.1856        34.5724        34.3804     0.427147E+06     430.03     0.350000E-01     0.965000E+00     0.000000E+00
       34.5724        34.9558        34.7655     0.408017E+06     426.27     0.350000E-01     0.965000E+00     0.000000E+00
       34.9558        35.3359        35.1472     0.389744E+06     422.54     0.350000E-01     0.965000E+00     0.000000E+00
       35.3359        35.7127        35.5257     0.372290E+06     418.83     0.350000E-01     0.965000E+00     0.000000E+00
       35.7127        36.0863        35.9008     0.355617E+06     415.14     0.350000E-01     0.965000E+00     0.000000E+00
       36.0863        36.4566        36.2727     0.339691E+06     411.47     0.350000E-01     0.965000E+00     0.000000E+00
       36.4566        36.8236        36.6413     0.324478E+06     407.82     0.350000E-01     0.965000E+00     0.000000E+00
       36.8236        37.1874        37.0067     0.309946E+06     404.19     0.350000E-01     0.965000E+00     0.000000E+00
       37.1874        37.5480        37.3689     0.296065E+06     400.59     0.350000E-01     0.965000E+00     0.000000E+00
       37.5480        37.9054        37.7279     0.282806E+06     397.00     0.350000E-01     0.965000E+00     0.000000E+00
       37.9054        38.2596        38.0837     0.270140E+06     393.44     0.350000E-01     0.965000E+00     0.000000E+00
       38.2596        38.6107        38.4363     0.258042E+06     389.90     0.350000E-01     0.965000E+00     0.000000E+00
       38.6107        38.9586        38.7858     0.246486E+06     386.38     0.350000E-01     0.965000E+00     0.000000E+00
       38.9586        39.3034        39.1322     0.235447E+06     382.88     0.350000E-01     0.965000E+00     0.000000E+00
       39.3034        39.6452        39.4754     0.224902E+06     379.40     0.350000E-01     0.965000E+00     0.000000E+00
       39.6452        39.9838        39.8156     0.214830E+06     375.95     0.350000E-01     0.965000E+00     0.000000E+00
       39.9838        40.3194        40.1527     0.205209E+06     372.51     0.350000E-01     0.965000E+00     0.000000E+00
       40.3194        40.6519        40.4868     0.196018E+06     369.10     0.350000E-01     0.965000E+00     0.000000E+00
       40.6519        40.9814        40.8178     0.187239E+06     365.70     0.350000E-01     0.965000E+00     0.000000E+00
       40.9814        41.3079        41.1458     0.178853E+06     362.33     0.350000E-01     0.965000E+00     0.000000E+00
       41.3079        41.6314        41.4707     0.170843E+06     358.98     0.350000E-01     0.965000E+00     0.000000E+00
       41.6314        41.9520        41.7928     0.163191E+06     355.65     0.350000E-01     0.965000E+00     0.000000E+00
       41.9520        42.2696        42.1118     0.155882E+06     352.33     0.350000E-01     0.965000E+00     0.000000E+00
       42.2696        42.5842        42.4279     0.148901E+06     349.04     0.350000E-01     0.965000E+00     0.000000E+00
       42.5842        42.8959        42.7411     0.142231E+06     345.77     0.350000E-01     0.965000E+00     0.000000E+00
       42.8959        43.2048        43.0514     0.135861E+06     342.52     0.350000E-01     0.965000E+00     0.000000E+00
       43.2048        43.5107        43.3587     0.129776E+06     339.29     0.350000E-01     0.965000E+00     0.000000E+00
       43.5107        43.8138        43.6633     0.123963E+06     336.09     0.350000E-01     0.965000E+00     0.000000E+00
       43.8138        44.1141        43.9649     0.118410E+06     332.90     0.350000E-01     0.965000E+00     0.000000E+00
       44.1141        44.4115        44.2638     0.113106E+06     329.73     0.350000E-01     0.965000E+00     0.000000E+00
       44.4115        44.7061        44.5598     0.108039E+06     326.58     0.350000E-01     0.965000E+00     0.000000E+00
       44.7061        44.9980        44.8530     0.103199E+06     323.45     0.350000E-01     0.965000E+00     0.000000E+00
       44.9980        45.2871        45.1434     0.985753E+05     320.35     0.350000E-01     0.965000E+00     0.000000E+00
       45.2871        45.5734        45.4311     0.941587E+05     317.26     0.350000E-01     0.965000E+00     0.000000E+00
       45.5734        45.8570        45.7161     0.899397E+05     314.19     0.350000E-01     0.965000E+00     0.000000E+00
       45.8570        46.1379        45.9983     0.859094E+05     311.14     0.350000E-01     0.965000E+00     0.000000E+00
       46.1379        46.4161        46.2779     0.820593E+05     308.11     0.350000E-01     0.965000E+00     0.000000E+00
       46.4161        46.6917        46.5548     0.783814E+05     305.10     0.350000E-01     0.965000E+00     0.000000E+00
       46.6917        46.9646        46.8290     0.748679E+05     302.11     0.350000E-01     0.965000E+00     0.000000E+00
       46.9646        47.2348        47.1005     0.715114E+05     299.14     0.350000E-01     0.965000E+00     0.000000E+00
       47.2348        47.5025        47.3695     0.683048E+05     296.19     0.350000E-01     0.965000E+00     0.000000E+00
       47.5025        47.7676        47.6359     0.652415E+05     293.26     0.350000E-01     0.965000E+00     0.000000E+00
       47.7676        48.0302        47.8997     0.623149E+05     290.35     0.350000E-01     0.965000E+00     0.000000E+00
       48.0302        48.2902        48.1610     0.595190E+05     287.46     0.350000E-01     0.965000E+00     0.000000E+00
       48.2902        48.5477        48.4197     0.568477E+05     284.58     0.350000E-01     0.965000E+00     0.000000E+00
       48.5477        48.8027        48.6760     0.542956E+05     281.73     0.350000E-01     0.965000E+00     0.000000E+00
       48.8027        49.0553        48.9298     0.518572E+05     278.89     0.350000E-01     0.965000E+00     0.000000E+00
       49.0553        49.3054        49.1811     0.495274E+05     276.08     0.350000E-01     0.965000E+00     0.000000E+00
       49.3054        49.5532        49.4301     0.473013E+05     273.28     0.350000E-01     0.965000E+00     0.000000E+00
       49.5532        49.7986        49.6766     0.451742E+05     270.49     0.350000E-01     0.965000E+00     0.000000E+00
       49.7986        50.0416        49.9208     0.431415E+05     267.73     0.350000E-01     0.965000E+00     0.000000E+00
       50.0416        50.2823        50.1627     0.411991E+05     264.99     0.350000E-01     0.965000E+00     0.000000E+00
       50.2823        50.5207        50.4022     0.393427E+05     262.26     0.350000E-01     0.965000E+00     0.000000E+00
       50.5207        50.7569        50.6395     0.375686E+05     259.55     0.350000E-01     0.965000E+00     0.000000E+00
       50.7569        50.9909        50.8746     0.358729E+05     256.85     0.350000E-01     0.965000E+00     0.000000E+00
       50.9909        51.2227        51.1075     0.342522E+05     254.18     0.350000E-01     0.965000E+00     0.000000E+00
       51.2227        51.4524        51.3382     0.327028E+05     251.52     0.350000E-01     0.965000E+00     0.000000E+00
       51.4524        51.6800        51.5669     0.312217E+05     248.87     0.350000E-01     0.965000E+00     0.000000E+00
       51.6800        51.9056        51.7934     0.298055E+05     246.24     0.350000E-01     0.965000E+00     0.000000E+00
       51.9056        52.1292        52.0180     0.284515E+05     243.63     0.350000E-01     0.965000E+00     0.000000E+00
       52.1292        52.3508        52.2406     0.271566E+05     241.03     0.350000E-01     0.965000E+00     0.000000E+00
       52.3508        52.5705        52.4612     0.259182E+05     238.45     0.350000E-01     0.965000E+00     0.000000E+00
       52.5705        52.7884        52.6800     0.247337E+05     235.88     0.350000E-01     0.965000E+00     0.000000E+00
       52.7884        53.0045        52.8970     0.236005E+05     233.32     0.350000E-01     0.965000E+00     0.000000E+00
       53.0045        53.2189        53.1122     0.225162E+05     230.78     0.350000E-01     0.965000E+00     0.000000E+00
       53.2189        53.4317        53.3258     0.214785E+05     228.25     0.350000E-01     0.965000E+00     0.000000E+00
       53.4317        53.6428        53.5377     0.204854E+05     225.73     0.350000E-01     0.965000E+00     0.000000E+00
       53.6428        53.8525        53.7481     0.195346E+05     223.22     0.350000E-01     0.965000E+00     0.000000E+00
       53.8525        54.0608        53.9571     0.186242E+05     220.72     0.350000E-01     0.965000E+00     0.000000E+00
       54.0608        54.2677        54.1647     0.177522E+05     218.23     0.350000E-01     0.965000E+00     0.000000E+00
       54.2677        54.4734        54.3710     0.169168E+05     215.74     0.350000E-01     0.965000E+00     0.000000E+00
       54.4734        54.6780        54.5761     0.161163E+05     213.27     0.350000E-01     0.965000E+00     0.000000E+00
       54.6780        54.8815        54.7801     0.153490E+05     210.80     0.350000E-01     0.965000E+00     0.000000E+00
       54.8815        55.0841        54.9831     0.146133E+05     208.33     0.350000E-01     0.965000E+00     0.000000E+00
       55.0841        55.2859        55.1853     0.139077E+05     205.87     0.350000E-01     0.965000E+00     0.000000E+00
       55.2859        55.4870        55.3867     0.132307E+05     203.41     0.350000E-01     0.965000E+00     0.000000E+00
       55.4870        55.6884        55.5875     0.125809E+05     200.94     0.350000E-01     0.965000E+00     0.000000E+00
       55.6884        55.8914        55.7894     0.119570E+05     200.00     0.350000E-01     0.965000E+00     0.000000E+00
       55.8914        56.0967        55.9935     0.113578E+05     200.00     0.350000E-01     0.965000E+00     0.000000E+00
       56.0967        56.3046        56.2001     0.107820E+05     200.00     0.350000E-01     0.965000E+00     0.000000E+00
       56.3046        56.5152        56.4093     0.102285E+05     200.00     0.350000E-01     0.965000E+00     0.000000E+00
       56.5152        56.7290        56.6214     0.969632E+04     200.00     0.350000E-01     0.965000E+00     0.000000E+00
       56.7290        56.9462        56.8368     0.918433E+04     200.00     0.350000E-01     0.965000E+00     0.000000E+00
       56.9462        57.1671        57.0558     0.869162E+04     200.00     0.350000E-01     0.965000E+00     0.000000E+00
       57.1671        57.3921        57.2786     0.821727E+04     200.00     0.350000E-01     0.965000E+00     0.000000E+00
       57.3921        57.6216        57.5058     0.776047E+04     200.00     0.350000E-01     0.965000E+00     0.000000E+00
       57.6216        57.8560        57.7376     0.732041E+04     200.00     0.350000E-01     0.965000E+00     0.000000E+00
       57.8560        58.0958        57.9746     0.689638E+04     200.00     0.350000E-01     0.965000E+00     0.000000E+00
       58.0958        58.3416        58.2173     0.648771E+04     200.00     0.350000E-01     0.965000E+00     0.000000E+00
       58.3416        58.5938        58.4661     0.609380E+04     200.00     0.350000E-01     0.965000E+00     0.000000E+00
       58.5938        58.8531        58.7217     0.571409E+04     200.00     0.350000E-01     0.965000E+00     0.000000E+00
       58.8531        59.1201        58.9847     0.534811E+04     200.00     0.350000E-01     0.965000E+00     0.000000E+00
       59.1201        59.3956        59.2558     0.499542E+04     200.00     0.350000E-01     0.965000E+00     0.000000E+00
       59.3956        59.6803        59.5357     0.465566E+04     200.00     0.350000E-01     0.965000E+00     0.000000E+00
       59.6803        59.9751        59.8253     0.432853E+04     200.00     0.350000E-01     0.965000E+00     0.000000E+00
       59.9751        60.2809        60.1253     0.401377E+04     200.00     0.350000E-01     0.965000E+00     0.000000E+00
       60.2809        60.5987        60.4369     0.371120E+04     200.00     0.350000E-01     0.965000E+00     0.000000E+00
       60.5987        60.9295        60.7609     0.342068E+04     200.00     0.350000E-01     0.965000E+00     0.000000E+00
       60.9295        61.2746        61.0986     0.314215E+04     200.00     0.350000E-01     0.965000E+00     0.000000E+00
       61.2746        61.6351        61.4511     0.287557E+04     200.00     0.350000E-01     0.965000E+00     0.000000E+00
       61.6351        62.0125        61.8197     0.262097E+04     200.00     0.350000E-01     0.965000E+00     0.000000E+00
       62.0125        62.4083        62.2059     0.237841E+04     200.00     0.350000E-01     0.965000E+00     0.000000E+00
       62.4083        62.8239        62.6113     0.214799E+04     200.00     0.350000E-01     0.965000E+00     0.000000E+00
       62.8239        63.2612        63.0373     0.192981E+04     200.00     0.350000E-01     0.965000E+00     0.000000E+00
       63.2612        63.7221        63.4860     0.172402E+04     200.00     0.350000E-01     0.965000E+00     0.000000E+00
       63.7221        64.2084        63.9591     0.153076E+04     200.00     0.350000E-01     0.965000E+00     0.000000E+00
       64.2084        64.7224        64.4587     0.135013E+04     200.00     0.350000E-01     0.965000E+00     0.000000E+00
       64.7224        65.2665        64.9872     0.118226E+04     200.00     0.350000E-01     0.965000E+00     0.000000E+00
       65.2665        65.8431        65.5470     0.102718E+04     200.00     0.350000E-01     0.965000E+00     0.000000E+00
       65.8431        66.4550        66.1406     0.884904E+03     200.00     0.350000E-01     0.965000E+00     0.000000E+00
       66.4550        67.1051        66.7709     0.755364E+03     200.00     0.350000E-01     0.965000E+00     0.000000E+00
       67.1051        67.7966        67.4410     0.638406E+03     200.00     0.350000E-01     0.965000E+00     0.000000E+00
       67.7966        68.5328        68.1540     0.533782E+03     200.00     0.350000E-01     0.965000E+00     0.000000E+00
       68.5328        69.3174        68.9137     0.441139E+03     200.00     0.350000E-01     0.965000E+00     0.000000E+00
       69.3174        70.1545        69.7236     0.360017E+03     200.00     0.350000E-01     0.965000E+00     0.000000E+00
       70.1545        71.0481        70.5880     0.289843E+03     200.00     0.350000E-01     0.965000E+00     0.000000E+00
       71.0481        72.0028        71.5111     0.229945E+03     200.00     0.350000E-01     0.965000E+00     0.000000E+00
       72.0028        73.0236        72.4978     0.179555E+03     200.00     0.350000E-01     0.965000E+00     0.000000E+00
       73.0236        74.1157        73.5532     0.137827E+03     200.00     0.350000E-01     0.965000E+00     0.000000E+00
       74.1157        75.2847        74.6825     0.103862E+03     200.00     0.350000E-01     0.965000E+00     0.000000E+00
       75.2847        76.5368        75.8918     0.767228E+02     200.00     0.350000E-01     0.965000E+00     0.000000E+00
       76.5368        77.8784        77.1872     0.554717E+02     200.00     0.350000E-01     0.965000E+00     0.000000E+00
       77.8784        79.3165        78.5757     0.391899E+02     200.00     0.350000E-01     0.965000E+00     0.000000E+00
       79.3165        80.8586        80.0643     0.270057E+02     200.00     0.350000E-01     0.965000E+00     0.000000E+00
       80.8586        82.5128        81.6608     0.181170E+02     200.00     0.350000E-01     0.965000E+00     0.000000E+00
       82.5128        84.2878        83.3737     0.118081E+02     200.00     0.350000E-01     0.965000E+00     0.000000E+00
       84.2878        86.1927        85.2119     0.746079E+01     200.00     0.350000E-01     0.965000E+00     0.000000E+00
       86.1927        88.2376        87.1849     0.455911E+01     200.00     0.350000E-01     0.965000E+00     0.000000E+00
       88.2376        90.4330        89.3030     0.268771E+01     200.00     0.350000E-01     0.965000E+00     0.000000E+00
       90.4330        92.7904        91.5773     0.152450E+01     200.00     0.350000E-01     0.965000E+00     0.000000E+00
       92.7904        95.3220        94.0196     0.829597E+00     200.00     0.350000E-01     0.965000E+00     0.000000E+00
       95.3220        98.0409        96.6425     0.431793E+00     200.00     0.350000E-01     0.965000E+00     0.000000E+00
       98.0409       100.9612        99.4596     0.214257E+00     200.00     0.350000E-01     0.965000E+00     0.000000E+00
      100.9612       103.9684       102.4854     0.101000E+00     200.00     0.350000E-01     0.965000E+00     0.000000E+00
