# Study case: Onset of the runaway greenhouse 350K
# Diameter: 12742                # Diameter of the planet [km]
# Gravity: 9.81                  # Gravity at the surface of the atmosphere [m/s2]
# Star-distance: 1               # Planet-star distance [ua]
# Star-type: Sun                 # Host-star type
# Star-temperature: 5772         # Host-star temperature [K]
# Absorbers = H2O, CO2, N2
# Incoming ToA stellar flux: 375 # Flux received by the planet [W/m2]
# Surface-temperature: 320       # Surface temperature [K]
# Surface-albedo: 0.32           # Surface albedo
# Surface-emissivity: 0.9        # Surface emissivity
# Surface Total Pressure (Pa) = 1e5
# Concentrations are volume mixing ratios
# LayerBottomAlt(km) LayerTopAlt(km)  Alt(km)    Pressure(Pa)  Temperature(K)     N2              CO2              H2O    
        0.0000         0.0000         0.0000     0.110577E+06     320.00     0.904347E+00     0.334608E-03     0.953182E-01
        0.0000         0.4905         0.3471     0.106799E+06     319.05     0.905639E+00     0.335086E-03     0.940262E-01
        0.4905         0.8483         0.6931     0.103150E+06     318.10     0.906918E+00     0.335560E-03     0.927463E-01
        0.8483         1.1977         1.0381     0.996253E+05     317.21     0.907956E+00     0.335944E-03     0.917081E-01
        1.1977         1.5438         1.3819     0.962213E+05     316.27     0.909242E+00     0.336419E-03     0.904220E-01
        1.5438         1.8877         1.7246     0.929337E+05     315.33     0.910524E+00     0.336894E-03     0.891389E-01
        1.8877         2.2299         2.0662     0.897583E+05     314.40     0.911804E+00     0.337367E-03     0.878590E-01
        2.2299         2.5706         2.4066     0.866915E+05     313.46     0.913080E+00     0.337840E-03     0.865823E-01
        2.5706         2.9100         2.7459     0.837294E+05     312.54     0.914353E+00     0.338311E-03     0.853086E-01
        2.9100         3.2482         3.0840     0.808685E+05     311.61     0.915623E+00     0.338781E-03     0.840382E-01
        3.2482         3.5851         3.4210     0.781054E+05     310.68     0.916890E+00     0.339249E-03     0.827711E-01
        3.5851         3.9208         3.7569     0.754367E+05     309.76     0.918153E+00     0.339717E-03     0.815073E-01
        3.9208         4.2553         4.0917     0.728592E+05     308.85     0.919413E+00     0.340183E-03     0.802469E-01
        4.2553         4.5887         4.4254     0.703698E+05     307.93     0.920669E+00     0.340648E-03     0.789899E-01
        4.5887         4.9209         4.7580     0.679654E+05     307.02     0.921923E+00     0.341111E-03     0.777364E-01
        4.9209         5.2520         5.0894     0.656431E+05     306.11     0.923172E+00     0.341574E-03     0.764863E-01
        5.2520         5.5820         5.4198     0.634003E+05     305.20     0.924418E+00     0.342035E-03     0.752398E-01
        5.5820         5.9109         5.7491     0.612340E+05     304.29     0.925661E+00     0.342494E-03     0.739969E-01
        5.9109         6.2386         6.0773     0.591418E+05     303.38     0.926899E+00     0.342953E-03     0.727576E-01
        6.2386         6.5653         6.4043     0.571210E+05     302.48     0.928135E+00     0.343410E-03     0.715220E-01
        6.5653         6.8909         6.7303     0.551693E+05     301.58     0.929366E+00     0.343865E-03     0.702902E-01
        6.8909         7.2153         7.0552     0.532843E+05     300.68     0.930593E+00     0.344320E-03     0.690622E-01
        7.2153         7.5387         7.3791     0.514637E+05     299.78     0.931817E+00     0.344772E-03     0.678381E-01
        7.5387         7.8610         7.7018     0.497053E+05     298.89     0.933037E+00     0.345224E-03     0.666179E-01
        7.8610         8.1822         8.0235     0.480070E+05     297.99     0.934253E+00     0.345673E-03     0.654017E-01
        8.1822         8.5023         8.3441     0.463667E+05     297.10     0.935464E+00     0.346122E-03     0.641896E-01
        8.5023         8.8214         8.6636     0.447824E+05     296.21     0.936672E+00     0.346569E-03     0.629817E-01
        8.8214         9.1394         8.9821     0.432523E+05     295.32     0.937875E+00     0.347014E-03     0.617780E-01
        9.1394         9.4563         9.2995     0.417745E+05     294.43     0.939074E+00     0.347457E-03     0.605785E-01
        9.4563         9.7721         9.6158     0.403471E+05     293.54     0.940269E+00     0.347899E-03     0.593834E-01
        9.7721        10.0869         9.9310     0.389685E+05     292.65     0.941459E+00     0.348340E-03     0.581928E-01
       10.0869        10.4006        10.2453     0.376371E+05     291.76     0.942645E+00     0.348778E-03     0.570067E-01
       10.4006        10.7133        10.5584     0.363511E+05     290.88     0.943826E+00     0.349215E-03     0.558253E-01
       10.7133        11.0249        10.8705     0.351090E+05     289.99     0.945002E+00     0.349651E-03     0.546485E-01
       11.0249        11.3354        11.1815     0.339094E+05     289.11     0.946173E+00     0.350084E-03     0.534766E-01
       11.3354        11.6449        11.4915     0.327508E+05     288.22     0.947340E+00     0.350516E-03     0.523096E-01
       11.6449        11.9534        11.8004     0.316318E+05     287.33     0.948501E+00     0.350946E-03     0.511477E-01
       11.9534        12.2607        12.1083     0.305510E+05     286.45     0.949658E+00     0.351373E-03     0.499909E-01
       12.2607        12.5670        12.4151     0.295071E+05     285.56     0.950809E+00     0.351799E-03     0.488393E-01
       12.5670        12.8723        12.7209     0.284989E+05     284.67     0.951955E+00     0.352223E-03     0.476931E-01
       12.8723        13.1765        13.0256     0.275252E+05     283.78     0.953095E+00     0.352645E-03     0.465524E-01
       13.1765        13.4797        13.3292     0.265847E+05     282.90     0.954230E+00     0.353065E-03     0.454174E-01
       13.4797        13.7818        13.6319     0.256764E+05     282.01     0.955358E+00     0.353483E-03     0.442881E-01
       13.7818        14.0829        13.9334     0.247991E+05     281.12     0.956481E+00     0.353898E-03     0.431647E-01
       14.0829        14.3829        14.2339     0.239517E+05     280.22     0.957598E+00     0.354311E-03     0.420474E-01
       14.3829        14.6818        14.5334     0.231334E+05     279.33     0.958709E+00     0.354722E-03     0.409363E-01
       14.6818        14.9797        14.8318     0.223429E+05     278.43     0.959813E+00     0.355131E-03     0.398317E-01
       14.9797        15.2766        15.1292     0.215795E+05     277.53     0.960911E+00     0.355537E-03     0.387336E-01
       15.2766        15.5724        15.4255     0.208422E+05     276.63     0.962002E+00     0.355941E-03     0.376422E-01
       15.5724        15.8671        15.7207     0.201301E+05     275.73     0.963086E+00     0.356342E-03     0.365578E-01
       15.8671        16.1608        16.0149     0.194423E+05     274.83     0.964163E+00     0.356740E-03     0.354806E-01
       16.1608        16.4534        16.3080     0.187780E+05     273.92     0.965232E+00     0.357136E-03     0.344107E-01
       16.4534        16.7450        16.6001     0.181364E+05     273.00     0.966294E+00     0.357529E-03     0.333485E-01
       16.7450        17.0355        16.8911     0.175167E+05     272.09     0.967348E+00     0.357919E-03     0.322940E-01
       17.0355        17.3249        17.1810     0.169182E+05     271.17     0.968394E+00     0.358306E-03     0.312472E-01
       17.3249        17.6132        17.4699     0.163401E+05     270.24     0.969433E+00     0.358690E-03     0.302082E-01
       17.6132        17.9005        17.7577     0.157818E+05     269.31     0.970464E+00     0.359072E-03     0.291772E-01
       17.9005        18.1867        18.0444     0.152426E+05     268.38     0.971486E+00     0.359450E-03     0.281546E-01
       18.1867        18.4717        18.3300     0.147218E+05     267.44     0.972499E+00     0.359825E-03     0.271408E-01
       18.4717        18.7557        18.6146     0.142188E+05     266.49     0.973504E+00     0.360196E-03     0.261360E-01
       18.7557        19.0386        18.8980     0.137329E+05     265.53     0.974499E+00     0.360565E-03     0.251407E-01
       19.0386        19.3204        19.1803     0.132637E+05     264.57     0.975484E+00     0.360929E-03     0.241552E-01
       19.3204        19.6011        19.4616     0.128105E+05     263.60     0.976459E+00     0.361290E-03     0.231800E-01
       19.6011        19.8807        19.7417     0.123728E+05     262.63     0.977423E+00     0.361646E-03     0.222155E-01
       19.8807        20.1591        20.0207     0.119501E+05     261.64     0.978376E+00     0.361999E-03     0.212622E-01
       20.1591        20.4364        20.2985     0.115417E+05     260.64     0.979317E+00     0.362347E-03     0.203205E-01
       20.4364        20.7126        20.5753     0.111474E+05     259.64     0.980246E+00     0.362691E-03     0.193911E-01
       20.7126        20.9876        20.8508     0.107665E+05     258.62     0.981163E+00     0.363030E-03     0.184744E-01
       20.9876        21.2614        21.1252     0.103986E+05     257.59     0.982066E+00     0.363364E-03     0.175710E-01
       21.2614        21.5341        21.3985     0.100433E+05     256.55     0.982955E+00     0.363693E-03     0.166816E-01
       21.5341        21.8055        21.6705     0.970017E+04     255.50     0.983829E+00     0.364017E-03     0.158068E-01
       21.8055        22.0758        21.9414     0.936874E+04     254.43     0.984688E+00     0.364335E-03     0.149474E-01
       22.0758        22.3448        22.2110     0.904863E+04     253.35     0.985531E+00     0.364647E-03     0.141040E-01
       22.3448        22.6126        22.4795     0.873945E+04     252.25     0.986358E+00     0.364952E-03     0.132775E-01
       22.6126        22.8792        22.7466     0.844084E+04     251.14     0.987166E+00     0.365251E-03     0.124687E-01
       22.8792        23.1445        23.0125     0.815244E+04     250.00     0.987956E+00     0.365544E-03     0.116784E-01
       23.1445        23.4085        23.2772     0.787388E+04     248.85     0.988727E+00     0.365829E-03     0.109076E-01
       23.4085        23.6712        23.5405     0.760485E+04     247.68     0.989477E+00     0.366106E-03     0.101572E-01
       23.6712        23.9326        23.8026     0.734500E+04     246.48     0.990205E+00     0.366376E-03     0.942823E-02
       23.9326        24.1926        24.0633     0.709404E+04     245.26     0.990912E+00     0.366637E-03     0.872165E-02
       24.1926        24.4512        24.3226     0.685164E+04     244.02     0.991595E+00     0.366890E-03     0.803856E-02
       24.4512        24.7084        24.5805     0.661753E+04     242.72     0.992253E+00     0.367134E-03     0.738000E-02
       24.7084        24.9642        24.8370     0.639142E+04     241.43     0.992884E+00     0.367367E-03     0.674829E-02
       24.9642        25.2185        25.0920     0.617303E+04     240.11     0.993489E+00     0.367591E-03     0.614296E-02
       25.2185        25.4714        25.3456     0.596211E+04     238.76     0.994067E+00     0.367805E-03     0.556523E-02
       25.4714        25.7227        25.5977     0.575839E+04     237.37     0.994616E+00     0.368008E-03     0.501631E-02
       25.7227        25.9725        25.8483     0.556163E+04     235.94     0.995134E+00     0.368200E-03     0.449732E-02
       25.9725        26.2206        26.0972     0.537159E+04     234.47     0.995622E+00     0.368380E-03     0.400928E-02
       26.2206        26.4671        26.3446     0.518804E+04     232.96     0.996078E+00     0.368549E-03     0.355306E-02
       26.4671        26.7120        26.5903     0.501076E+04     231.41     0.996502E+00     0.368706E-03     0.312931E-02
       26.7120        26.9551        26.8342     0.483954E+04     229.81     0.996893E+00     0.368850E-03     0.273845E-02
       26.9551        27.1964        27.0765     0.467416E+04     228.18     0.997250E+00     0.368983E-03     0.238063E-02
       27.1964        27.4360        27.3169     0.451444E+04     226.51     0.997575E+00     0.369103E-03     0.205563E-02
       27.4360        27.6737        27.5556     0.436017E+04     224.81     0.997868E+00     0.369211E-03     0.176290E-02
       27.6737        27.9096        27.7924     0.421116E+04     223.07     0.998129E+00     0.369308E-03     0.150150E-02
       27.9096        28.1436        28.0273     0.406725E+04     221.30     0.998360E+00     0.369393E-03     0.127015E-02
       28.1436        28.3757        28.2603     0.392824E+04     219.50     0.998563E+00     0.369468E-03     0.106722E-02
       28.3757        28.6058        28.4914     0.379399E+04     217.68     0.998740E+00     0.369534E-03     0.890814E-03
       28.6058        28.8340        28.7206     0.366431E+04     215.85     0.998892E+00     0.369590E-03     0.738795E-03
       28.8340        29.0603        28.9479     0.353906E+04     214.00     0.999021E+00     0.369638E-03     0.608904E-03
       29.0603        29.2846        29.1731     0.341809E+04     212.14     0.999132E+00     0.369679E-03     0.498816E-03
       29.2846        29.5069        29.3965     0.330124E+04     210.28     0.999224E+00     0.369713E-03     0.406222E-03
       29.5069        29.7274        29.6178     0.318837E+04     208.42     0.999301E+00     0.369742E-03     0.328898E-03
       29.7274        29.9458        29.8373     0.307936E+04     206.56     0.999365E+00     0.369765E-03     0.264751E-03
       29.9458        30.1624        30.0548     0.297406E+04     204.71     0.999418E+00     0.369785E-03     0.211864E-03
       30.1624        30.3770        30.2704     0.287235E+04     202.87     0.999462E+00     0.369801E-03     0.168509E-03
       30.3770        30.5902        30.4841     0.277410E+04     201.04     0.999497E+00     0.369814E-03     0.133159E-03
       30.5902        30.8029        30.6967     0.267919E+04     200.00     0.999497E+00     0.369814E-03     0.133159E-03
       30.8029        31.0156        30.9094     0.258752E+04     200.00     0.999497E+00     0.369814E-03     0.133159E-03
       31.0156        31.2284        31.1221     0.249897E+04     200.00     0.999497E+00     0.369814E-03     0.133159E-03
       31.2284        31.4412        31.3350     0.241342E+04     200.00     0.999497E+00     0.369814E-03     0.133159E-03
       31.4412        31.6541        31.5478     0.233078E+04     200.00     0.999497E+00     0.369814E-03     0.133159E-03
       31.6541        31.8672        31.7608     0.225095E+04     200.00     0.999497E+00     0.369814E-03     0.133159E-03
       31.8672        32.0803        31.9739     0.217383E+04     200.00     0.999497E+00     0.369814E-03     0.133159E-03
       32.0803        32.2935        32.1870     0.209931E+04     200.00     0.999497E+00     0.369814E-03     0.133159E-03
       32.2935        32.5068        32.4003     0.202732E+04     200.00     0.999497E+00     0.369814E-03     0.133159E-03
       32.5068        32.7203        32.6137     0.195776E+04     200.00     0.999497E+00     0.369814E-03     0.133159E-03
       32.7203        32.9339        32.8272     0.189055E+04     200.00     0.999497E+00     0.369814E-03     0.133159E-03
       32.9339        33.1477        33.0409     0.182561E+04     200.00     0.999497E+00     0.369814E-03     0.133159E-03
       33.1477        33.3616        33.2548     0.176285E+04     200.00     0.999497E+00     0.369814E-03     0.133159E-03
       33.3616        33.5758        33.4688     0.170220E+04     200.00     0.999497E+00     0.369814E-03     0.133159E-03
       33.5758        33.7902        33.6831     0.164358E+04     200.00     0.999497E+00     0.369814E-03     0.133159E-03
       33.7902        34.0048        33.8976     0.158692E+04     200.00     0.999497E+00     0.369814E-03     0.133159E-03
       34.0048        34.2197        34.1124     0.153215E+04     200.00     0.999497E+00     0.369814E-03     0.133159E-03
       34.2197        34.4350        34.3274     0.147921E+04     200.00     0.999497E+00     0.369814E-03     0.133159E-03
       34.4350        34.6505        34.5428     0.142802E+04     200.00     0.999497E+00     0.369814E-03     0.133159E-03
       34.6505        34.8665        34.7586     0.137852E+04     200.00     0.999497E+00     0.369814E-03     0.133159E-03
       34.8665        35.0829        34.9748     0.133065E+04     200.00     0.999497E+00     0.369814E-03     0.133159E-03
       35.0829        35.2998        35.1914     0.128435E+04     200.00     0.999497E+00     0.369814E-03     0.133159E-03
       35.2998        35.5172        35.4086     0.123956E+04     200.00     0.999497E+00     0.369814E-03     0.133159E-03
       35.5172        35.7353        35.6263     0.119622E+04     200.00     0.999497E+00     0.369814E-03     0.133159E-03
       35.7353        35.9540        35.8446     0.115429E+04     200.00     0.999497E+00     0.369814E-03     0.133159E-03
       35.9540        36.1734        36.0636     0.111370E+04     200.00     0.999497E+00     0.369814E-03     0.133159E-03
       36.1734        36.3936        36.2835     0.107440E+04     200.00     0.999497E+00     0.369814E-03     0.133159E-03
       36.3936        36.6148        36.5041     0.103635E+04     200.00     0.999497E+00     0.369814E-03     0.133159E-03
       36.6148        36.8369        36.7258     0.999489E+03     200.00     0.999497E+00     0.369814E-03     0.133159E-03
       36.8369        37.0602        36.9484     0.963778E+03     200.00     0.999497E+00     0.369814E-03     0.133159E-03
       37.0602        37.2847        37.1723     0.929167E+03     200.00     0.999497E+00     0.369814E-03     0.133159E-03
       37.2847        37.5106        37.3974     0.895612E+03     200.00     0.999497E+00     0.369814E-03     0.133159E-03
       37.5106        37.7379        37.6240     0.863068E+03     200.00     0.999497E+00     0.369814E-03     0.133159E-03
       37.7379        37.9670        37.8522     0.831494E+03     200.00     0.999497E+00     0.369814E-03     0.133159E-03
       37.9670        38.1979        38.0821     0.800849E+03     200.00     0.999497E+00     0.369814E-03     0.133159E-03
       38.1979        38.4308        38.3140     0.771092E+03     200.00     0.999497E+00     0.369814E-03     0.133159E-03
       38.4308        38.6659        38.5479     0.742184E+03     200.00     0.999497E+00     0.369814E-03     0.133159E-03
       38.6659        38.9035        38.7843     0.714087E+03     200.00     0.999497E+00     0.369814E-03     0.133159E-03
       38.9035        39.1439        39.0232     0.686766E+03     200.00     0.999497E+00     0.369814E-03     0.133159E-03
       39.1439        39.3872        39.2650     0.660184E+03     200.00     0.999497E+00     0.369814E-03     0.133159E-03
       39.3872        39.6339        39.5099     0.634308E+03     200.00     0.999497E+00     0.369814E-03     0.133159E-03
       39.6339        39.8841        39.7582     0.609105E+03     200.00     0.999497E+00     0.369814E-03     0.133159E-03
       39.8841        40.1384        40.0104     0.584543E+03     200.00     0.999497E+00     0.369814E-03     0.133159E-03
       40.1384        40.3970        40.2667     0.560591E+03     200.00     0.999497E+00     0.369814E-03     0.133159E-03
       40.3970        40.6604        40.5276     0.537221E+03     200.00     0.999497E+00     0.369814E-03     0.133159E-03
       40.6604        40.9291        40.7936     0.514405E+03     200.00     0.999497E+00     0.369814E-03     0.133159E-03
       40.9291        41.2035        41.0650     0.492117E+03     200.00     0.999497E+00     0.369814E-03     0.133159E-03
       41.2035        41.4843        41.3425     0.470334E+03     200.00     0.999497E+00     0.369814E-03     0.133159E-03
       41.4843        41.7720        41.6266     0.449031E+03     200.00     0.999497E+00     0.369814E-03     0.133159E-03
       41.7720        42.0673        41.9179     0.428189E+03     200.00     0.999497E+00     0.369814E-03     0.133159E-03
       42.0673        42.3708        42.2172     0.407788E+03     200.00     0.999497E+00     0.369814E-03     0.133159E-03
       42.3708        42.6835        42.5251     0.387813E+03     200.00     0.999497E+00     0.369814E-03     0.133159E-03
       42.6835        43.0060        42.8425     0.368250E+03     200.00     0.999497E+00     0.369814E-03     0.133159E-03
       43.0060        43.3394        43.1702     0.349085E+03     200.00     0.999497E+00     0.369814E-03     0.133159E-03
       43.3394        43.6845        43.5092     0.330311E+03     200.00     0.999497E+00     0.369814E-03     0.133159E-03
       43.6845        44.0426        43.8606     0.311921E+03     200.00     0.999497E+00     0.369814E-03     0.133159E-03
       44.0426        44.4146        44.2253     0.293912E+03     200.00     0.999497E+00     0.369814E-03     0.133159E-03
       44.4146        44.8020        44.6048     0.276285E+03     200.00     0.999497E+00     0.369814E-03     0.133159E-03
       44.8020        45.2061        45.0002     0.259041E+03     200.00     0.999497E+00     0.369814E-03     0.133159E-03
       45.2061        45.6283        45.4129     0.242189E+03     200.00     0.999497E+00     0.369814E-03     0.133159E-03
       45.6283        46.0702        45.8446     0.225739E+03     200.00     0.999497E+00     0.369814E-03     0.133159E-03
       46.0702        46.5336        46.2969     0.209703E+03     200.00     0.999497E+00     0.369814E-03     0.133159E-03
       46.5336        47.0203        46.7715     0.194100E+03     200.00     0.999497E+00     0.369814E-03     0.133159E-03
       47.0203        47.5324        47.2705     0.178949E+03     200.00     0.999497E+00     0.369814E-03     0.133159E-03
       47.5324        48.0721        47.7959     0.164275E+03     200.00     0.999497E+00     0.369814E-03     0.133159E-03
       48.0721        48.6416        48.3499     0.150104E+03     200.00     0.999497E+00     0.369814E-03     0.133159E-03
       48.6416        49.2436        48.9351     0.136464E+03     200.00     0.999497E+00     0.369814E-03     0.133159E-03
       49.2436        49.8808        49.5541     0.123385E+03     200.00     0.999497E+00     0.369814E-03     0.133159E-03
       49.8808        50.5561        50.2097     0.110899E+03     200.00     0.999497E+00     0.369814E-03     0.133159E-03
       50.5561        51.2727        50.9049     0.990373E+02     200.00     0.999497E+00     0.369814E-03     0.133159E-03
       51.2727        52.0342        51.6432     0.878297E+02     200.00     0.999497E+00     0.369814E-03     0.133159E-03
       52.0342        52.8441        52.4281     0.773049E+02     200.00     0.999497E+00     0.369814E-03     0.133159E-03
       52.8441        53.7064        53.2633     0.674879E+02     200.00     0.999497E+00     0.369814E-03     0.133159E-03
       53.7064        54.6255        54.1532     0.583995E+02     200.00     0.999497E+00     0.369814E-03     0.133159E-03
       54.6255        55.6060        55.1020     0.500549E+02     200.00     0.999497E+00     0.369814E-03     0.133159E-03
       55.6060        56.6528        56.1146     0.424620E+02     200.00     0.999497E+00     0.369814E-03     0.133159E-03
       56.6528        57.7713        57.1961     0.356218E+02     200.00     0.999497E+00     0.369814E-03     0.133159E-03
       57.7713        58.9672        58.3522     0.295260E+02     200.00     0.999497E+00     0.369814E-03     0.133159E-03
       58.9672        60.2467        59.5887     0.241575E+02     200.00     0.999497E+00     0.369814E-03     0.133159E-03
       60.2467        61.6165        60.9120     0.194901E+02     200.00     0.999497E+00     0.369814E-03     0.133159E-03
       61.6165        63.0836        62.3291     0.154887E+02     200.00     0.999497E+00     0.369814E-03     0.133159E-03
       63.0836        64.6557        63.8472     0.121099E+02     200.00     0.999497E+00     0.369814E-03     0.133159E-03
       64.6557        66.3410        65.4744     0.930347E+01     200.00     0.999497E+00     0.369814E-03     0.133159E-03
       66.3410        68.1485        67.2192     0.701357E+01     200.00     0.999497E+00     0.369814E-03     0.133159E-03
       68.1485        70.0874        69.0906     0.518076E+01     200.00     0.999497E+00     0.369814E-03     0.133159E-03
       70.0874        72.1680        71.0986     0.374399E+01     200.00     0.999497E+00     0.369814E-03     0.133159E-03
       72.1680        74.4012        73.2535     0.264266E+01     200.00     0.999497E+00     0.369814E-03     0.133159E-03
       74.4012        76.7987        75.5669     0.181860E+01     200.00     0.999497E+00     0.369814E-03     0.133159E-03
       76.7987        79.3730        78.0506     0.121788E+01     200.00     0.999497E+00     0.369814E-03     0.133159E-03
       79.3730        82.1375        80.7178     0.792053E+00     200.00     0.999497E+00     0.369814E-03     0.133159E-03
       82.1375        85.1068        83.5823     0.499165E+00     200.00     0.999497E+00     0.369814E-03     0.133159E-03
       85.1068        88.2961        86.6591     0.304135E+00     200.00     0.999497E+00     0.369814E-03     0.133159E-03
       88.2961        91.7222        89.9641     0.178708E+00     200.00     0.999497E+00     0.369814E-03     0.133159E-03
       91.7222        95.2812        93.5146     0.101000E+00     200.00     0.999497E+00     0.369814E-03     0.133159E-03
