# Study case: Pre-runaway greenhouse 300K
# Diameter: 12742                # Diameter of the planet [km]
# Gravity: 9.81                  # Gravity at the surface of the atmosphere [m/s2]
# Star-distance: 1               # Planet-star distance [ua]
# Star-type: Sun                 # Host-star type
# Star-temperature: 5772         # Host-star temperature [K]
# Absorbers = H2O, CO2, N2
# Incoming ToA stellar flux: 375 # Flux received by the planet [W/m2]
# Surface-temperature: 300       # Surface temperature [K]
# Surface-albedo: 0.32           # Surface albedo
# Surface-emissivity: 0.9        # Surface emissivity
# Surface Total Pressure (Pa) = 1e5
# Concentrations are volume mixing ratios
# LayerBottomAlt(km) LayerTopAlt(km)  Alt(km)    Pressure(Pa)  Temperature(K)     N2              CO2              H2O    
        0.0000         0.0000         0.0000     0.103573E+06     300.00     0.965505E+00     0.357237E-03     0.341377E-01
        0.0000         0.4472         0.3166     0.100050E+06     298.86     0.966601E+00     0.357642E-03     0.330416E-01
        0.4472         0.7731         0.6318     0.966475E+05     297.72     0.967687E+00     0.358044E-03     0.319551E-01
        0.7731         1.0910         0.9458     0.933606E+05     296.57     0.968763E+00     0.358442E-03     0.308785E-01
        1.0910         1.4056         1.2585     0.901854E+05     295.42     0.969829E+00     0.358837E-03     0.298121E-01
        1.4056         1.7179         1.5698     0.871182E+05     294.26     0.970885E+00     0.359227E-03     0.287561E-01
        1.7179         2.0283         1.8799     0.841553E+05     293.10     0.971929E+00     0.359614E-03     0.277110E-01
        2.0283         2.3372         2.1886     0.812932E+05     291.94     0.972963E+00     0.359996E-03     0.266770E-01
        2.3372         2.6446         2.4960     0.785284E+05     290.76     0.973985E+00     0.360374E-03     0.256546E-01
        2.6446         2.9504         2.8020     0.758577E+05     289.58     0.974995E+00     0.360748E-03     0.246441E-01
        2.9504         3.2549         3.1067     0.732778E+05     288.40     0.975993E+00     0.361117E-03     0.236460E-01
        3.2549         3.5579         3.4101     0.707856E+05     287.20     0.976978E+00     0.361482E-03     0.226606E-01
        3.5579         3.8596         3.7122     0.683782E+05     286.00     0.977950E+00     0.361841E-03     0.216885E-01
        3.8596         4.1598         4.0128     0.660527E+05     284.78     0.978908E+00     0.362196E-03     0.207301E-01
        4.1598         4.4586         4.3121     0.638062E+05     283.56     0.979852E+00     0.362545E-03     0.197859E-01
        4.4586         4.7561         4.6101     0.616362E+05     282.33     0.980781E+00     0.362889E-03     0.188565E-01
        4.7561         5.0521         4.9066     0.595400E+05     281.09     0.981694E+00     0.363227E-03     0.179423E-01
        5.0521         5.3467         5.2018     0.575150E+05     279.83     0.982592E+00     0.363559E-03     0.170440E-01
        5.3467         5.6399         5.4956     0.555589E+05     278.56     0.983474E+00     0.363885E-03     0.161623E-01
        5.6399         5.9316         5.7879     0.536694E+05     277.28     0.984338E+00     0.364205E-03     0.152976E-01
        5.9316         6.2219         6.0788     0.518441E+05     275.98     0.985185E+00     0.364518E-03     0.144508E-01
        6.2219         6.5107         6.3683     0.500809E+05     274.67     0.986013E+00     0.364825E-03     0.136224E-01
        6.5107         6.7981         6.6563     0.483776E+05     273.34     0.986822E+00     0.365124E-03     0.128133E-01
        6.7981         7.0840         6.9429     0.467323E+05     272.00     0.987610E+00     0.365416E-03     0.120242E-01
        7.0840         7.3683         7.2279     0.451430E+05     270.63     0.988379E+00     0.365700E-03     0.112556E-01
        7.3683         7.6512         7.5115     0.436077E+05     269.25     0.989126E+00     0.365977E-03     0.105082E-01
        7.6512         7.9325         7.7935     0.421246E+05     267.84     0.989851E+00     0.366245E-03     0.978285E-02
        7.9325         8.2122         8.0740     0.406919E+05     266.41     0.990553E+00     0.366505E-03     0.908041E-02
        8.2122         8.4904         8.3528     0.393080E+05     264.96     0.991231E+00     0.366756E-03     0.840181E-02
        8.4904         8.7669         8.6301     0.379711E+05     263.49     0.991885E+00     0.366997E-03     0.774794E-02
        8.7669         9.0418         8.9058     0.366797E+05     261.98     0.992513E+00     0.367230E-03     0.711971E-02
        9.0418         9.3150         9.1799     0.354323E+05     260.45     0.993115E+00     0.367452E-03     0.651800E-02
        9.3150         9.5866         9.4522     0.342272E+05     258.90     0.993689E+00     0.367665E-03     0.594363E-02
        9.5866         9.8564         9.7229     0.330631E+05     257.31     0.994235E+00     0.367867E-03     0.539738E-02
        9.8564        10.1245         9.9918     0.319387E+05     255.69     0.994752E+00     0.368058E-03     0.487995E-02
       10.1245        10.3909        10.2590     0.308524E+05     254.05     0.995240E+00     0.368239E-03     0.439195E-02
       10.3909        10.6554        10.5244     0.298032E+05     252.37     0.995698E+00     0.368408E-03     0.393382E-02
       10.6554        10.9181        10.7880     0.287896E+05     250.66     0.996126E+00     0.368566E-03     0.350591E-02
       10.9181        11.1789        11.0497     0.278104E+05     248.92     0.996523E+00     0.368713E-03     0.310835E-02
       11.1789        11.4378        11.3096     0.268646E+05     247.15     0.996890E+00     0.368849E-03     0.274107E-02
       11.4378        11.6949        11.5676     0.259509E+05     245.35     0.997227E+00     0.368974E-03     0.240380E-02
       11.6949        11.9499        11.8236     0.250683E+05     243.52     0.997535E+00     0.369088E-03     0.209604E-02
       11.9499        12.2030        12.0776     0.242158E+05     241.64     0.997814E+00     0.369191E-03     0.181701E-02
       12.2030        12.4541        12.3297     0.233922E+05     239.76     0.998064E+00     0.369284E-03     0.156632E-02
       12.4541        12.7032        12.5798     0.225966E+05     237.85     0.998289E+00     0.369367E-03     0.134204E-02
       12.7032        12.9502        12.8278     0.218281E+05     235.91     0.998488E+00     0.369440E-03     0.114297E-02
       12.9502        13.1951        13.0737     0.210858E+05     233.94     0.998663E+00     0.369505E-03     0.967705E-03
       13.1951        13.4379        13.3176     0.203686E+05     231.95     0.998816E+00     0.369562E-03     0.814632E-03
       13.4379        13.6786        13.5593     0.196759E+05     229.93     0.998948E+00     0.369611E-03     0.681998E-03
       13.6786        13.9172        13.7990     0.190067E+05     227.90     0.999062E+00     0.369653E-03     0.567954E-03
       13.9172        14.1536        14.0365     0.183603E+05     225.86     0.999160E+00     0.369689E-03     0.470618E-03
       14.1536        14.3880        14.2718     0.177359E+05     223.82     0.999242E+00     0.369720E-03     0.388122E-03
       14.3880        14.6201        14.5050     0.171327E+05     221.78     0.999312E+00     0.369745E-03     0.318662E-03
       14.6201        14.8502        14.7361     0.165500E+05     219.74     0.999370E+00     0.369767E-03     0.260532E-03
       14.8502        15.0781        14.9651     0.159871E+05     217.71     0.999418E+00     0.369785E-03     0.212155E-03
       15.0781        15.3039        15.1919     0.154434E+05     215.70     0.999458E+00     0.369799E-03     0.172100E-03
       15.3039        15.5277        15.4167     0.149182E+05     213.69     0.999491E+00     0.369812E-03     0.139088E-03
       15.5277        15.7493        15.6394     0.144108E+05     211.71     0.999518E+00     0.369822E-03     0.111994E-03
       15.7493        15.9690        15.8600     0.139207E+05     209.75     0.999540E+00     0.369830E-03     0.898433E-04
       15.9690        16.1866        16.0787     0.134473E+05     207.80     0.999558E+00     0.369837E-03     0.717958E-04
       16.1866        16.4022        16.2953     0.129899E+05     205.88     0.999573E+00     0.369842E-03     0.571395E-04
       16.4022        16.6159        16.5099     0.125481E+05     203.98     0.999585E+00     0.369846E-03     0.452739E-04
       16.6159        16.8276        16.7225     0.121214E+05     202.10     0.999594E+00     0.369850E-03     0.356964E-04
       16.8276        17.0382        16.9332     0.117091E+05     200.24     0.999602E+00     0.369853E-03     0.279891E-04
       17.0382        17.2486        17.1437     0.113109E+05     200.00     0.999602E+00     0.369853E-03     0.279891E-04
       17.2486        17.4591        17.3542     0.109262E+05     200.00     0.999602E+00     0.369853E-03     0.279891E-04
       17.4591        17.6696        17.5647     0.105546E+05     200.00     0.999602E+00     0.369853E-03     0.279891E-04
       17.6696        17.8802        17.7752     0.101957E+05     200.00     0.999602E+00     0.369853E-03     0.279891E-04
       17.8802        18.0907        17.9857     0.984891E+04     200.00     0.999602E+00     0.369853E-03     0.279891E-04
       18.0907        18.3012        18.1963     0.951395E+04     200.00     0.999602E+00     0.369853E-03     0.279891E-04
       18.3012        18.5118        18.4068     0.919038E+04     200.00     0.999602E+00     0.369853E-03     0.279891E-04
       18.5118        18.7224        18.6174     0.887782E+04     200.00     0.999602E+00     0.369853E-03     0.279891E-04
       18.7224        18.9330        18.8280     0.857588E+04     200.00     0.999602E+00     0.369853E-03     0.279891E-04
       18.9330        19.1436        19.0386     0.828422E+04     200.00     0.999602E+00     0.369853E-03     0.279891E-04
       19.1436        19.3542        19.2492     0.800247E+04     200.00     0.999602E+00     0.369853E-03     0.279891E-04
       19.3542        19.5648        19.4598     0.773031E+04     200.00     0.999602E+00     0.369853E-03     0.279891E-04
       19.5648        19.7755        19.6704     0.746740E+04     200.00     0.999602E+00     0.369853E-03     0.279891E-04
       19.7755        19.9861        19.8811     0.721343E+04     200.00     0.999602E+00     0.369853E-03     0.279891E-04
       19.9861        20.1968        20.0917     0.696810E+04     200.00     0.999602E+00     0.369853E-03     0.279891E-04
       20.1968        20.4075        20.3024     0.673111E+04     200.00     0.999602E+00     0.369853E-03     0.279891E-04
       20.4075        20.6182        20.5131     0.650219E+04     200.00     0.999602E+00     0.369853E-03     0.279891E-04
       20.6182        20.8289        20.7238     0.628104E+04     200.00     0.999602E+00     0.369853E-03     0.279891E-04
       20.8289        21.0396        20.9345     0.606742E+04     200.00     0.999602E+00     0.369853E-03     0.279891E-04
       21.0396        21.2504        21.1453     0.586106E+04     200.00     0.999602E+00     0.369853E-03     0.279891E-04
       21.2504        21.4612        21.3560     0.566172E+04     200.00     0.999602E+00     0.369853E-03     0.279891E-04
       21.4612        21.6719        21.5668     0.546916E+04     200.00     0.999602E+00     0.369853E-03     0.279891E-04
       21.6719        21.8827        21.7776     0.528315E+04     200.00     0.999602E+00     0.369853E-03     0.279891E-04
       21.8827        22.0935        21.9884     0.510346E+04     200.00     0.999602E+00     0.369853E-03     0.279891E-04
       22.0935        22.3044        22.1992     0.492988E+04     200.00     0.999602E+00     0.369853E-03     0.279891E-04
       22.3044        22.5152        22.4100     0.476220E+04     200.00     0.999602E+00     0.369853E-03     0.279891E-04
       22.5152        22.7261        22.6209     0.460022E+04     200.00     0.999602E+00     0.369853E-03     0.279891E-04
       22.7261        22.9369        22.8317     0.444375E+04     200.00     0.999602E+00     0.369853E-03     0.279891E-04
       22.9369        23.1478        23.0426     0.429260E+04     200.00     0.999602E+00     0.369853E-03     0.279891E-04
       23.1478        23.3587        23.2535     0.414659E+04     200.00     0.999602E+00     0.369853E-03     0.279891E-04
       23.3587        23.5697        23.4644     0.400554E+04     200.00     0.999602E+00     0.369853E-03     0.279891E-04
       23.5697        23.7806        23.6754     0.386929E+04     200.00     0.999602E+00     0.369853E-03     0.279891E-04
       23.7806        23.9916        23.8863     0.373766E+04     200.00     0.999602E+00     0.369853E-03     0.279891E-04
       23.9916        24.2026        24.0973     0.361051E+04     200.00     0.999602E+00     0.369853E-03     0.279891E-04
       24.2026        24.4136        24.3083     0.348767E+04     200.00     0.999602E+00     0.369853E-03     0.279891E-04
       24.4136        24.6247        24.5194     0.336901E+04     200.00     0.999602E+00     0.369853E-03     0.279891E-04
       24.6247        24.8358        24.7304     0.325438E+04     200.00     0.999602E+00     0.369853E-03     0.279891E-04
       24.8358        25.0469        24.9415     0.314364E+04     200.00     0.999602E+00     0.369853E-03     0.279891E-04
       25.0469        25.2580        25.1526     0.303667E+04     200.00     0.999602E+00     0.369853E-03     0.279891E-04
       25.2580        25.4692        25.3638     0.293332E+04     200.00     0.999602E+00     0.369853E-03     0.279891E-04
       25.4692        25.6804        25.5750     0.283348E+04     200.00     0.999602E+00     0.369853E-03     0.279891E-04
       25.6804        25.8917        25.7862     0.273702E+04     200.00     0.999602E+00     0.369853E-03     0.279891E-04
       25.8917        26.1030        25.9975     0.264383E+04     200.00     0.999602E+00     0.369853E-03     0.279891E-04
       26.1030        26.3143        26.2088     0.255381E+04     200.00     0.999602E+00     0.369853E-03     0.279891E-04
       26.3143        26.5257        26.4202     0.246683E+04     200.00     0.999602E+00     0.369853E-03     0.279891E-04
       26.5257        26.7372        26.6317     0.238279E+04     200.00     0.999602E+00     0.369853E-03     0.279891E-04
       26.7372        26.9488        26.8432     0.230160E+04     200.00     0.999602E+00     0.369853E-03     0.279891E-04
       26.9488        27.1604        27.0548     0.222316E+04     200.00     0.999602E+00     0.369853E-03     0.279891E-04
       27.1604        27.3721        27.2664     0.214736E+04     200.00     0.999602E+00     0.369853E-03     0.279891E-04
       27.3721        27.5839        27.4782     0.207413E+04     200.00     0.999602E+00     0.369853E-03     0.279891E-04
       27.5839        27.7958        27.6900     0.200336E+04     200.00     0.999602E+00     0.369853E-03     0.279891E-04
       27.7958        28.0078        27.9020     0.193498E+04     200.00     0.999602E+00     0.369853E-03     0.279891E-04
       28.0078        28.2200        28.1141     0.186889E+04     200.00     0.999602E+00     0.369853E-03     0.279891E-04
       28.2200        28.4323        28.3263     0.180503E+04     200.00     0.999602E+00     0.369853E-03     0.279891E-04
       28.4323        28.6447        28.5387     0.174331E+04     200.00     0.999602E+00     0.369853E-03     0.279891E-04
       28.6447        28.8574        28.7512     0.168366E+04     200.00     0.999602E+00     0.369853E-03     0.279891E-04
       28.8574        29.0702        28.9640     0.162600E+04     200.00     0.999602E+00     0.369853E-03     0.279891E-04
       29.0702        29.2833        29.1769     0.157026E+04     200.00     0.999602E+00     0.369853E-03     0.279891E-04
       29.2833        29.4966        29.3901     0.151638E+04     200.00     0.999602E+00     0.369853E-03     0.279891E-04
       29.4966        29.7102        29.6035     0.146429E+04     200.00     0.999602E+00     0.369853E-03     0.279891E-04
       29.7102        29.9241        29.8173     0.141392E+04     200.00     0.999602E+00     0.369853E-03     0.279891E-04
       29.9241        30.1384        30.0314     0.136522E+04     200.00     0.999602E+00     0.369853E-03     0.279891E-04
       30.1384        30.3530        30.2458     0.131812E+04     200.00     0.999602E+00     0.369853E-03     0.279891E-04
       30.3530        30.5681        30.4607     0.127256E+04     200.00     0.999602E+00     0.369853E-03     0.279891E-04
       30.5681        30.7837        30.6760     0.122848E+04     200.00     0.999602E+00     0.369853E-03     0.279891E-04
       30.7837        30.9998        30.8918     0.118584E+04     200.00     0.999602E+00     0.369853E-03     0.279891E-04
       30.9998        31.2165        31.1082     0.114457E+04     200.00     0.999602E+00     0.369853E-03     0.279891E-04
       31.2165        31.4338        31.3252     0.110463E+04     200.00     0.999602E+00     0.369853E-03     0.279891E-04
       31.4338        31.6519        31.5429     0.106597E+04     200.00     0.999602E+00     0.369853E-03     0.279891E-04
       31.6519        31.8708        31.7613     0.102853E+04     200.00     0.999602E+00     0.369853E-03     0.279891E-04
       31.8708        32.0906        31.9806     0.992271E+03     200.00     0.999602E+00     0.369853E-03     0.279891E-04
       32.0906        32.3114        32.2009     0.957143E+03     200.00     0.999602E+00     0.369853E-03     0.279891E-04
       32.3114        32.5333        32.4222     0.923102E+03     200.00     0.999602E+00     0.369853E-03     0.279891E-04
       32.5333        32.7564        32.6447     0.890105E+03     200.00     0.999602E+00     0.369853E-03     0.279891E-04
       32.7564        32.9809        32.8685     0.858109E+03     200.00     0.999602E+00     0.369853E-03     0.279891E-04
       32.9809        33.2068        33.0937     0.827073E+03     200.00     0.999602E+00     0.369853E-03     0.279891E-04
       33.2068        33.4345        33.3204     0.796955E+03     200.00     0.999602E+00     0.369853E-03     0.279891E-04
       33.4345        33.6639        33.5489     0.767718E+03     200.00     0.999602E+00     0.369853E-03     0.279891E-04
       33.6639        33.8954        33.7793     0.739324E+03     200.00     0.999602E+00     0.369853E-03     0.279891E-04
       33.8954        34.1291        34.0119     0.711735E+03     200.00     0.999602E+00     0.369853E-03     0.279891E-04
       34.1291        34.3653        34.2468     0.684915E+03     200.00     0.999602E+00     0.369853E-03     0.279891E-04
       34.3653        34.6042        34.4842     0.658831E+03     200.00     0.999602E+00     0.369853E-03     0.279891E-04
       34.6042        34.8460        34.7245     0.633448E+03     200.00     0.999602E+00     0.369853E-03     0.279891E-04
       34.8460        35.0911        34.9679     0.608735E+03     200.00     0.999602E+00     0.369853E-03     0.279891E-04
       35.0911        35.3398        35.2147     0.584659E+03     200.00     0.999602E+00     0.369853E-03     0.279891E-04
       35.3398        35.5925        35.4654     0.561191E+03     200.00     0.999602E+00     0.369853E-03     0.279891E-04
       35.5925        35.8495        35.7201     0.538303E+03     200.00     0.999602E+00     0.369853E-03     0.279891E-04
       35.8495        36.1113        35.9794     0.515965E+03     200.00     0.999602E+00     0.369853E-03     0.279891E-04
       36.1113        36.3783        36.2437     0.494153E+03     200.00     0.999602E+00     0.369853E-03     0.279891E-04
       36.3783        36.6511        36.5135     0.472841E+03     200.00     0.999602E+00     0.369853E-03     0.279891E-04
       36.6511        36.9302        36.7893     0.452007E+03     200.00     0.999602E+00     0.369853E-03     0.279891E-04
       36.9302        37.2161        37.0716     0.431628E+03     200.00     0.999602E+00     0.369853E-03     0.279891E-04
       37.2161        37.5095        37.3611     0.411686E+03     200.00     0.999602E+00     0.369853E-03     0.279891E-04
       37.5095        37.8113        37.6586     0.392162E+03     200.00     0.999602E+00     0.369853E-03     0.279891E-04
       37.8113        38.1220        37.9646     0.373041E+03     200.00     0.999602E+00     0.369853E-03     0.279891E-04
       38.1220        38.4425        38.2800     0.354308E+03     200.00     0.999602E+00     0.369853E-03     0.279891E-04
       38.4425        38.7738        38.6057     0.335954E+03     200.00     0.999602E+00     0.369853E-03     0.279891E-04
       38.7738        39.1169        38.9427     0.317969E+03     200.00     0.999602E+00     0.369853E-03     0.279891E-04
       39.1169        39.4727        39.2918     0.300347E+03     200.00     0.999602E+00     0.369853E-03     0.279891E-04
       39.4727        39.8425        39.6544     0.283086E+03     200.00     0.999602E+00     0.369853E-03     0.279891E-04
       39.8425        40.2275        40.0315     0.266185E+03     200.00     0.999602E+00     0.369853E-03     0.279891E-04
       40.2275        40.6290        40.4244     0.249647E+03     200.00     0.999602E+00     0.369853E-03     0.279891E-04
       40.6290        41.0486        40.8347     0.233480E+03     200.00     0.999602E+00     0.369853E-03     0.279891E-04
       41.0486        41.4878        41.2637     0.217693E+03     200.00     0.999602E+00     0.369853E-03     0.279891E-04
       41.4878        41.9484        41.7132     0.202299E+03     200.00     0.999602E+00     0.369853E-03     0.279891E-04
       41.9484        42.4321        42.1849     0.187315E+03     200.00     0.999602E+00     0.369853E-03     0.279891E-04
       42.4321        42.9410        42.6808     0.172760E+03     200.00     0.999602E+00     0.369853E-03     0.279891E-04
       42.9410        43.4774        43.2029     0.158658E+03     200.00     0.999602E+00     0.369853E-03     0.279891E-04
       43.4774        44.0434        43.7536     0.145032E+03     200.00     0.999602E+00     0.369853E-03     0.279891E-04
       44.0434        44.6417        44.3351     0.131912E+03     200.00     0.999602E+00     0.369853E-03     0.279891E-04
       44.6417        45.2749        44.9503     0.119326E+03     200.00     0.999602E+00     0.369853E-03     0.279891E-04
       45.2749        45.9460        45.6018     0.107305E+03     200.00     0.999602E+00     0.369853E-03     0.279891E-04
       45.9460        46.6582        46.2928     0.958786E+02     200.00     0.999602E+00     0.369853E-03     0.279891E-04
       46.6582        47.4150        47.0266     0.850765E+02     200.00     0.999602E+00     0.369853E-03     0.279891E-04
       47.4150        48.2198        47.8066     0.749266E+02     200.00     0.999602E+00     0.369853E-03     0.279891E-04
       48.2198        49.0769        48.6367     0.654535E+02     200.00     0.999602E+00     0.369853E-03     0.279891E-04
       49.0769        49.9903        49.5210     0.566777E+02     200.00     0.999602E+00     0.369853E-03     0.279891E-04
       49.9903        50.9647        50.4640     0.486143E+02     200.00     0.999602E+00     0.369853E-03     0.279891E-04
       50.9647        52.0050        51.4703     0.412719E+02     200.00     0.999602E+00     0.369853E-03     0.279891E-04
       52.0050        53.1166        52.5452     0.346520E+02     200.00     0.999602E+00     0.369853E-03     0.279891E-04
       53.1166        54.3051        53.6941     0.287475E+02     200.00     0.999602E+00     0.369853E-03     0.279891E-04
       54.3051        55.5767        54.9230     0.235428E+02     200.00     0.999602E+00     0.369853E-03     0.279891E-04
       55.5767        56.9379        56.2381     0.190134E+02     200.00     0.999602E+00     0.369853E-03     0.279891E-04
       56.9379        58.3959        57.6464     0.151262E+02     200.00     0.999602E+00     0.369853E-03     0.279891E-04
       58.3959        59.9583        59.1552     0.118402E+02     200.00     0.999602E+00     0.369853E-03     0.279891E-04
       59.9583        61.6332        60.7723     0.910755E+01     200.00     0.999602E+00     0.369853E-03     0.279891E-04
       61.6332        63.4294        62.5063     0.687501E+01     200.00     0.999602E+00     0.369853E-03     0.279891E-04
       63.4294        65.3563        64.3661     0.508565E+01     200.00     0.999602E+00     0.369853E-03     0.279891E-04
       65.3563        67.4239        66.3616     0.368087E+01     200.00     0.999602E+00     0.369853E-03     0.279891E-04
       67.4239        69.6433        68.5033     0.260237E+01     200.00     0.999602E+00     0.369853E-03     0.279891E-04
       69.6433        72.0258        70.8022     0.179403E+01     200.00     0.999602E+00     0.369853E-03     0.279891E-04
       72.0258        74.5841        73.2706     0.120369E+01     200.00     0.999602E+00     0.369853E-03     0.279891E-04
       74.5841        77.3314        75.9212     0.784414E+00     200.00     0.999602E+00     0.369853E-03     0.279891E-04
       77.3314        80.2821        78.7679     0.495426E+00     200.00     0.999602E+00     0.369853E-03     0.279891E-04
       80.2821        83.4516        81.8255     0.302561E+00     200.00     0.999602E+00     0.369853E-03     0.279891E-04
       83.4516        86.8562        85.1100     0.178228E+00     200.00     0.999602E+00     0.369853E-03     0.279891E-04
       86.8562        90.3998        88.6383     0.101000E+00     200.00     0.999602E+00     0.369853E-03     0.279891E-04
